5.668151924493819216e+00 5.180979696308050109e+00 5.370932411648500882e+00 5.031957617535183225e+00 5.696059709922073999e+00 6.503874203609206539e+00 6.905307378180297384e+00 6.977161601157386706e+00 5.537239916664359995e+00 6.386307945801021901e+00 7.037010762436957556e+00 6.969842204362841187e+00 6.021864148785775583e+00 6.639635991161241257e+00 7.150583846571890945e+00 7.082037268452903156e+00
5.180979696308050109e+00 4.841312325772563874e+00 4.917983747323245503e+00 4.598838866333831099e+00 5.328213040111347887e+00 6.075424576487360895e+00 6.755370009075591042e+00 7.044613850815993672e+00 5.214596724454705345e+00 6.075241965206632067e+00 6.930642673286850020e+00 7.035580945421520127e+00 5.534713599124923888e+00 6.320483291981248364e+00 7.091500086458955465e+00 7.126378370780011018e+00
5.370932411648500882e+00 4.917983747323245503e+00 5.215394960159588145e+00 4.899165605723041494e+00 5.340421553685087197e+00 5.936074863327674755e+00 6.080358819698139961e+00 6.120286592774737855e+00 5.222728278889704256e+00 5.820798730079272509e+00 6.264004699799712306e+00 6.113728773602145061e+00 5.640593201854701810e+00 5.937902638590249360e+00 6.229468794535588216e+00 6.162806820974260802e+00
5.031957617535183225e+00 4.598838866333831099e+00 4.899165605723041494e+00 4.623895008536439200e+00 4.965664616088673711e+00 5.476599801466444539e+00 5.508329712533805989e+00 5.525567682000525060e+00 4.848306214052207075e+00 5.328822687952448511e+00 5.682273927258280288e+00 5.519215542747740066e+00 5.250249932706418043e+00 5.428411520685389569e+00 5.622281834853279925e+00 5.556815429422871766e+00
5.696059709922073999e+00 5.328213040111347887e+00 5.340421553685087197e+00 4.965664616088673711e+00 5.956002735533148851e+00 6.914391047051995365e+00 8.007882984930594361e+00 8.512682036928298501e+00 5.856717914979275186e+00 7.004023274468703875e+00 8.242971522218731195e+00 8.503084331576941324e+00 6.163261834753654966e+00 7.333316105755834258e+00 8.527072128557719566e+00 8.642651424514637526e+00
6.503874203609206539e+00 6.075424576487360895e+00 5.936074863327674755e+00 5.476599801466444539e+00 6.914391047051995365e+00 8.341400618348608020e+00 1.018346574043883024e+01 1.112976091405558421e+01 6.861013275667666278e+00 8.545126975528729574e+00 1.050099950043219366e+01 1.112460179561700002e+01 7.168488019085244467e+00 9.092640147948262808e+00 1.106405685204890510e+01 1.135538984482289671e+01
6.905307378180297384e+00 6.755370009075591042e+00 6.080358819698139961e+00 5.508329712533805989e+00 8.007882984930594361e+00 1.018346574043883024e+01 1.527996162382317280e+01 2.002821791861778777e+01 8.411901982098093811e+00 1.109325132473233566e+01 1.665464248171713990e+01 2.005607708913087706e+01 7.939773324262729304e+00 1.204698875535838454e+01 1.802744143942500799e+01 2.037993630462911199e+01
6.977161601157386706e+00 7.044613850815993672e+00 6.120286592774737855e+00 5.525567682000525060e+00 8.512682036928298501e+00 1.112976091405558421e+01 2.002821791861778777e+01 3.605375142036416491e+01 9.647657812622703943e+00 1.265264901627399752e+01 2.439816505134104219e+01 3.628757474732801569e+01 8.145128542447407582e+00 1.390848384875750021e+01 2.673531727312223083e+01 3.691868208486810232e+01
5.537239916664359995e+00 5.214596724454705345e+00 5.222728278889704256e+00 4.848306214052207075e+00 5.856717914979275186e+00 6.861013275667666278e+00 8.411901982098093811e+00 9.647657812622703943e+00 5.925690352067922717e+00 7.091946486105367597e+00 8.906768992659225503e+00 9.651470086453361574e+00 6.018784578292125431e+00 7.412718191841882742e+00 9.253310442708214012e+00 9.764243028575791072e+00
6.386307945801021901e+00 6.075241965206632067e+00 5.820798730079272509e+00 5.328822687952448511e+00 7.004023274468703875e+00 8.545126975528729574e+00 1.109325132473233566e+01 1.265264901627399752e+01 7.091946486105367597e+00 9.007860280387690821e+00 1.161118222374502729e+01 1.265284106055473323e+01 7.147616354290312835e+00 9.569218937823979587e+00 1.229985932736337872e+01 1.287695066481793305e+01
7.037010762436957556e+00 6.930642673286850020e+00 6.264004699799712306e+00 5.682273927258280288e+00 8.242971522218731195e+00 1.050099950043219366e+01 1.665464248171713990e+01 2.439816505134104219e+01 8.906768992659225503e+00 1.161118222374502729e+01 1.896438093024150717e+01 2.447225745655016382e+01 8.095472317666661866e+00 1.258367182040357513e+01 2.054135602227526292e+01 2.482339132919695146e+01
6.969842204362841187e+00 7.035580945421520127e+00 6.113728773602145061e+00 5.519215542747740066e+00 8.503084331576941324e+00 1.112460179561700002e+01 2.005607708913087706e+01 3.628757474732801569e+01 9.651470086453361574e+00 1.265284106055473323e+01 2.447225745655016382e+01 3.653350932618661773e+01 8.139558721208786096e+00 1.390855938471077557e+01 2.682112556416766225e+01 3.716950966542002988e+01
6.021864148785775583e+00 5.534713599124923888e+00 5.640593201854701810e+00 5.250249932706418043e+00 6.163261834753654966e+00 7.168488019085244467e+00 7.939773324262729304e+00 8.145128542447407582e+00 6.018784578292125431e+00 7.147616354290312835e+00 8.095472317666661866e+00 8.139558721208786096e+00 6.490664198864075196e+00 7.475159032808106119e+00 8.328657114751043977e+00 8.294499590076002349e+00
6.639635991161241257e+00 6.320483291981248364e+00 5.937902638590249360e+00 5.428411520685389569e+00 7.333316105755834258e+00 9.092640147948262808e+00 1.204698875535838454e+01 1.390848384875750021e+01 7.412718191841882742e+00 9.569218937823979587e+00 1.258367182040357513e+01 1.390855938471077557e+01 7.475159032808106119e+00 1.029467048847323696e+01 1.345213261321321774e+01 1.418658087984529814e+01
7.150583846571890945e+00 7.091500086458955465e+00 6.229468794535588216e+00 5.622281834853279925e+00 8.527072128557719566e+00 1.106405685204890510e+01 1.802744143942500799e+01 2.673531727312223083e+01 9.253310442708214012e+00 1.229985932736337872e+01 2.054135602227526292e+01 2.682112556416766225e+01 8.328657114751043977e+00 1.345213261321321774e+01 2.242335616448912106e+01 2.725572024780762703e+01
7.082037268452903156e+00 7.126378370780011018e+00 6.162806820974260802e+00 5.556815429422871766e+00 8.642651424514637526e+00 1.135538984482289671e+01 2.037993630462911199e+01 3.691868208486810232e+01 9.764243028575791072e+00 1.287695066481793305e+01 2.482339132919695146e+01 3.716950966542002988e+01 8.294499590076002349e+00 1.418658087984529814e+01 2.725572024780762703e+01 3.789641374993283307e+01
