6.155226000000000568e+03 6.155226000000000568e+03 3.693135600000000068e+03 1.231045200000000250e+03 3.693135600000000068e+03 1.231045200000000250e+03 7.367264320070386020e+03 2.455754773356794885e+03 7.367264320070386020e+03 2.455754773356794885e+03 1.227877386678397488e+04 1.227877386678397488e+04
6.155226000000000568e+03 6.155226000000000568e+03 3.693135600000000068e+03 1.231045200000000250e+03 3.693135600000000068e+03 1.231045200000000250e+03 7.367264320070386020e+03 2.455754773356794885e+03 7.367264320070386020e+03 2.455754773356794885e+03 1.227877386678397488e+04 1.227877386678397488e+04
3.693135600000000068e+03 3.693135600000000068e+03 2.215881359999999404e+03 7.386271199999999908e+02 2.215881359999999404e+03 7.386271199999999908e+02 4.420358592042230157e+03 1.473452864014076567e+03 4.420358592042230157e+03 1.473452864014076567e+03 7.367264320070384201e+03 7.367264320070384201e+03
1.231045200000000250e+03 1.231045200000000250e+03 7.386271199999999908e+02 2.462090400000000443e+02 7.386271200000001045e+02 2.462090400000000443e+02 1.473452864014077022e+03 4.911509546713589884e+02 1.473452864014077022e+03 4.911509546713589884e+02 2.455754773356794885e+03 2.455754773356794885e+03
3.693135600000000068e+03 3.693135600000000068e+03 2.215881359999999404e+03 7.386271200000001045e+02 2.215881359999999404e+03 7.386271199999999908e+02 4.420358592042230157e+03 1.473452864014076567e+03 4.420358592042230157e+03 1.473452864014076567e+03 7.367264320070384201e+03 7.367264320070384201e+03
1.231045200000000250e+03 1.231045200000000250e+03 7.386271199999999908e+02 2.462090400000000443e+02 7.386271199999999908e+02 2.462090400000000443e+02 1.473452864014077022e+03 4.911509546713589884e+02 1.473452864014077022e+03 4.911509546713589884e+02 2.455754773356794885e+03 2.455754773356794885e+03
7.367264320070386020e+03 7.367264320070386020e+03 4.420358592042230157e+03 1.473452864014077022e+03 4.420358592042230157e+03 1.473452864014077022e+03 8.817967620000003080e+03 2.939322540000001027e+03 8.817967620000003080e+03 2.939322540000001027e+03 1.469661270000000513e+04 1.469661270000000513e+04
2.455754773356794885e+03 2.455754773356794885e+03 1.473452864014076567e+03 4.911509546713589884e+02 1.473452864014076567e+03 4.911509546713589884e+02 2.939322540000001027e+03 9.797741800000003423e+02 2.939322540000001027e+03 9.797741800000003423e+02 4.898870900000001711e+03 4.898870900000001711e+03
7.367264320070386020e+03 7.367264320070386020e+03 4.420358592042230157e+03 1.473452864014077022e+03 4.420358592042230157e+03 1.473452864014077022e+03 8.817967620000003080e+03 2.939322540000001027e+03 8.817967620000003080e+03 2.939322540000001027e+03 1.469661270000000513e+04 1.469661270000000513e+04
2.455754773356794885e+03 2.455754773356794885e+03 1.473452864014076567e+03 4.911509546713589884e+02 1.473452864014076567e+03 4.911509546713589884e+02 2.939322540000001027e+03 9.797741800000003423e+02 2.939322540000001027e+03 9.797741800000003423e+02 4.898870900000001711e+03 4.898870900000001711e+03
1.227877386678397488e+04 1.227877386678397488e+04 7.367264320070384201e+03 2.455754773356794885e+03 7.367264320070384201e+03 2.455754773356794885e+03 1.469661270000000513e+04 4.898870900000001711e+03 1.469661270000000513e+04 4.898870900000001711e+03 2.449435450000001219e+04 2.449435450000001219e+04
1.227877386678397488e+04 1.227877386678397488e+04 7.367264320070384201e+03 2.455754773356794885e+03 7.367264320070384201e+03 2.455754773356794885e+03 1.469661270000000513e+04 4.898870900000001711e+03 1.469661270000000513e+04 4.898870900000001711e+03 2.449435450000001219e+04 2.449435450000001219e+04
