2.409902299661206230e-03 2.685616346279365903e-03 9.010299713874032630e-04 2.241963943169942783e-03 1.711099286086886599e-03 2.332979380131849825e-03 2.268162729109321745e-03 2.643427580374919841e-03 2.665085467661115325e-03 2.506714617688113062e-03 2.409902299661206230e-03 2.656520088185590663e-03
2.685616346279365903e-03 3.814328799484366650e-01 9.806650662979358134e-04 6.716938278559720921e-01 9.502988138912492333e-02 6.704387080772794549e-01 6.906514410659964250e-03 6.408693686217020735e-01 1.070749989481223213e-01 6.269119763434931603e-01 2.685616346279365903e-03 3.751671650065933061e-01
9.010299713874032630e-04 9.806650662979358134e-04 5.613955270024460374e-04 9.283803380944662944e-04 8.027954339004036988e-04 9.676240155383072309e-04 9.177095443037506768e-04 1.035312709649946050e-03 1.033455457065771479e-03 1.054768505142252445e-03 9.010299713874032630e-04 9.659933382837901459e-04
2.241963943169942783e-03 6.716938278559720921e-01 9.283803380944662944e-04 1.097360526130136549e+01 1.298215286031940974e-01 1.092937311710438841e+01 1.021897367671952342e-02 1.084870978313924184e+01 1.440863287352734390e-01 1.080907294987794920e+01 2.241963943169942783e-03 6.503234808232011277e-01
1.711099286086886599e-03 9.502988138912492333e-02 8.027954339004036988e-04 1.298215286031940974e-01 8.228743679697309021e-02 1.294930638662150080e-01 8.574820789373251151e-03 1.189272602250378841e-01 8.628040895439031965e-02 1.145835836395687896e-01 1.711099286086886599e-03 9.493257781847809496e-02
2.332979380131849825e-03 6.704387080772794549e-01 9.676240155383072309e-04 1.092937311710438841e+01 1.294930638662150080e-01 1.088556609024577604e+01 1.034414947555415895e-02 1.080445862833908421e+01 1.437895739155823638e-01 1.076472774927298381e+01 2.332979380131849825e-03 6.490886737408326779e-01
2.268162729109321745e-03 6.906514410659964250e-03 9.177095443037506768e-04 1.021897367671952342e-02 8.574820789373251151e-03 1.034414947555415895e-02 3.928499140563514180e-03 9.341153365773192593e-03 9.437205766562371465e-03 8.992565182645790092e-03 2.268162729109321745e-03 6.849447144264302588e-03
2.643427580374919841e-03 6.408693686217020735e-01 1.035312709649946050e-03 1.084870978313924184e+01 1.189272602250378841e-01 1.080445862833908421e+01 9.341153365773192593e-03 1.072922772054607066e+01 1.326630806871701984e-01 1.069177222168296026e+01 2.643427580374919841e-03 6.202124652950851136e-01
2.665085467661115325e-03 1.070749989481223213e-01 1.033455457065771479e-03 1.440863287352734390e-01 8.628040895439031965e-02 1.437895739155823638e-01 9.437205766562371465e-03 1.326630806871701984e-01 9.134813844054638643e-02 1.278979813466629978e-01 2.665085467661115325e-03 1.069207323026530876e-01
2.506714617688113062e-03 6.269119763434931603e-01 1.054768505142252445e-03 1.080907294987794920e+01 1.145835836395687896e-01 1.076472774927298381e+01 8.992565182645790092e-03 1.069177222168296026e+01 1.278979813466629978e-01 1.065558358578333653e+01 2.506714617688113062e-03 6.065511914676585681e-01
2.409902299661206230e-03 2.685616346279365903e-03 9.010299713874032630e-04 2.241963943169942783e-03 1.711099286086886599e-03 2.332979380131849825e-03 2.268162729109321745e-03 2.643427580374919841e-03 2.665085467661115325e-03 2.506714617688113062e-03 2.409902299661206230e-03 2.656520088185590663e-03
2.656520088185590663e-03 3.751671650065933061e-01 9.659933382837901459e-04 6.503234808232011277e-01 9.493257781847809496e-02 6.490886737408326779e-01 6.849447144264302588e-03 6.202124652950851136e-01 1.069207323026530876e-01 6.065511914676585681e-01 2.656520088185590663e-03 3.691764242133532270e-01
