2.265969860368396575e-06 3.020246343072918504e-06 1.368934946584892620e-06 1.792506022443062630e-06 1.606267131110805321e-06 2.854428908845682016e-07 6.146482676578552075e-07 8.956807047260102000e-07 1.364016962255726975e-07 2.582145917884250128e-06 2.805348379746162235e-06 2.459384763412305579e-06 2.247534795351974998e-06 5.913012241844042083e-07 1.048388800920248378e-06 1.645080946452670979e-06 1.941535813769916274e-06 1.490624278885739332e-06 2.198718292690043949e-06 1.907828958670530323e-06 8.846061730598052037e-07 1.298234392647639217e-06 2.143923101112738572e-06 2.419084079887050814e-06 1.582931155684848116e-06 1.750594213566412934e-06 2.135692118871215038e-06 2.786832203150514550e-06 2.414330067748775245e-06 3.944965879804763701e-07 1.083737260277017416e-06 8.391537559706466154e-07 5.878257356250061074e-07 1.372427997224737748e-06 2.611857293403163877e-07 8.657067421968963834e-08 2.675531361373419759e-06 3.285045880217516772e-07 7.710487243844515681e-07 2.617647479616657037e-06 2.504012583252590823e-06
3.020246343072918504e-06 4.390612711468005178e-06 1.826259642090687498e-06 2.315483133164465226e-06 2.160051109076826175e-06 3.104554388996285684e-07 7.351498979495526391e-07 1.168425833519318772e-06 1.380825887273147075e-07 3.524165212039400247e-06 4.010790816117803998e-06 3.384125372526505995e-06 2.994346612463103790e-06 6.690811183080310343e-07 1.417241399506528558e-06 2.148969214128777396e-06 2.537892838016376477e-06 2.106991930675092944e-06 2.937160874990582339e-06 2.605653895538131079e-06 1.145678670787550289e-06 1.783667992282868246e-06 2.865700378908771312e-06 3.334001545786576992e-06 2.063129649270810061e-06 2.294818727827091137e-06 2.899857195211547978e-06 3.852395537064782737e-06 3.294552375225106533e-06 4.876754709313131113e-07 1.442483455354331639e-06 1.123595094248999225e-06 7.435164333188079096e-07 1.904133521787759546e-06 2.746942840448343100e-07 8.670772251040491019e-08 3.847017312753674548e-06 4.085637888838380410e-07 4.153338916652357285e-07 3.554492420534545603e-06 3.416448268366460957e-06
1.368934946584892620e-06 1.826259642090687498e-06 1.076879313611946194e-06 1.151738977561005548e-06 1.119946632551905947e-06 2.446495680585420782e-07 4.921137335173842078e-07 6.941225177840638787e-07 1.242285207018845603e-07 1.458062597605055558e-06 1.683992494093419662e-06 1.482116515128335918e-06 1.343809422100002015e-06 4.701831498563667542e-07 7.888013309388885117e-07 1.165421372118731907e-06 1.237925384718444669e-06 1.122462137312769698e-06 1.375913796347349679e-06 1.303982580698107875e-06 7.022838528791946920e-07 9.967259538691550549e-07 1.351985254194590375e-06 1.499567718497910114e-06 1.133241096748718687e-06 1.195257879558705267e-06 1.260678027536805304e-06 1.663838369179919553e-06 1.492880180562226195e-06 2.863920270842096927e-07 8.534220379576800726e-07 6.255828265396308751e-07 4.559907443217603885e-07 1.002413763453622545e-06 2.301442185784926882e-07 8.658578049463770216e-08 1.730823857117182825e-06 2.551063755195540141e-07 5.995207846994216234e-07 1.504315965328287882e-06 1.464380090314123330e-06
1.792506022443062630e-06 2.315483133164465226e-06 1.151738977561005548e-06 1.606959586081302423e-06 1.265070003907112461e-06 2.424486432544138678e-07 4.823328760804348397e-07 6.704624337836512396e-07 1.241790636645974360e-07 2.053292440137983356e-06 2.131495834138272382e-06 1.910770455852445553e-06 1.791281861990146004e-06 4.634997462122250774e-07 7.654055497451118253e-07 1.339956445244219038e-06 1.592768431683395460e-06 1.171960805847984988e-06 1.726173646663790070e-06 1.403624430460191618e-06 6.839634190467290138e-07 1.008995524068641497e-06 1.715404576795961940e-06 1.867319875489934118e-06 1.281050825280906329e-06 1.371102264197720832e-06 1.630118070556790519e-06 2.216686021304444709e-06 1.851201598536056692e-06 2.808755124269409582e-07 8.525876894986695987e-07 6.038287537975020115e-07 4.411131867524787392e-07 1.066993362737043145e-06 2.279084372779869774e-07 8.654050461189061351e-08 2.072291425260677954e-06 2.412687253876532274e-07 5.836058655052917920e-07 2.024112967616559041e-06 1.994116849193106277e-06
1.606267131110805321e-06 2.160051109076826175e-06 1.119946632551905947e-06 1.265070003907112461e-06 1.255154228348179296e-06 2.613966478489276124e-07 5.402454780468162966e-07 7.733821262586113780e-07 1.246114225213215669e-07 1.753729680585935384e-06 1.992317783831785713e-06 1.735523029074333859e-06 1.586630486605323655e-06 5.135147886923420743e-07 8.834328870182966071e-07 1.263546374429485446e-06 1.405143619810800524e-06 1.206949099329558449e-06 1.591367671351330695e-06 1.483300079134164959e-06 7.665490191330879674e-07 1.075193953873878678e-06 1.545677378827514740e-06 1.750060279754938862e-06 1.231736506381594346e-06 1.336224390248263636e-06 1.520941863121286483e-06 1.946141418346169227e-06 1.748296320167785418e-06 3.288261796209149840e-07 9.206483244291475325e-07 7.144415308166490036e-07 5.098791588246539926e-07 1.092950777581293952e-06 2.413640017218443829e-07 8.652948569450604944e-08 1.970320371744855257e-06 2.848735550642217345e-07 6.680118376237159441e-07 1.814111629869991209e-06 1.738722199777228675e-06
2.854428908845682016e-07 3.104554388996285684e-07 2.446495680585420782e-07 2.424486432544138678e-07 2.613966478489276124e-07 8.992383841595777632e-08 1.950188082392948536e-07 2.211850382369226962e-07 9.234854503177487186e-08 2.944230372321246318e-07 3.064109504765429668e-07 2.962607752313922350e-07 2.861731674662780597e-07 1.910397055785295222e-07 2.181500635134687735e-07 2.624268574314012738e-07 2.743074255569343295e-07 2.490204040841261200e-07 2.891509611166334825e-07 2.911462625600962510e-07 2.197864184867674821e-07 2.392412383511156520e-07 2.824497154665088648e-07 2.942641151009989785e-07 2.623485616266273358e-07 2.764994462656930826e-07 2.779304338466058676e-07 2.997157837606217054e-07 2.983823746675106517e-07 1.253049170307577112e-07 2.324269893513778874e-07 2.067017310219393417e-07 1.700388104652575463e-07 2.245856776891799300e-07 1.026141587610750369e-07 6.846481823257467981e-08 2.933842437965554315e-07 1.144645872746706795e-07 2.093421233730213644e-07 3.037448080242815389e-07 2.912548476891519589e-07
6.146482676578552075e-07 7.351498979495526391e-07 4.921137335173842078e-07 4.823328760804348397e-07 5.402454780468162966e-07 1.950188082392948536e-07 3.562580588276959112e-07 4.368321897321444433e-07 1.265514875440425643e-07 6.416243343806451675e-07 7.097089211754289115e-07 6.514261132018569368e-07 6.132416067491953014e-07 3.423096625539506445e-07 4.368832985680004728e-07 5.374073481423136130e-07 5.644189621422570801e-07 5.212880016686520232e-07 6.205476120272427512e-07 6.296773000936264798e-07 4.321606703155208532e-07 4.889510690789143084e-07 6.017373645296468503e-07 6.539191489224286219e-07 5.341720289029910897e-07 5.749065968107619289e-07 6.046471158450837340e-07 6.745910381527090960e-07 6.610803406779104879e-07 2.070464248202928478e-07 4.669553912736885779e-07 4.115463187366697822e-07 3.084597383391111226e-07 4.631184521047324774e-07 1.885860878280847309e-07 8.281034860428655613e-08 6.797144109226460954e-07 1.844409194906934136e-07 4.007668066252007514e-07 6.735448130283712862e-07 6.369812608300030271e-07
8.956807047260102000e-07 1.168425833519318772e-06 6.941225177840638787e-07 6.704624337836512396e-07 7.733821262586113780e-07 2.211850382369226962e-07 4.368321897321444433e-07 5.797647524840500843e-07 1.217453321197085418e-07 9.438003592893302547e-07 1.100636365117006997e-06 9.688182500711811223e-07 8.842744267415468830e-07 4.153808847309436226e-07 6.098954702051021002e-07 7.556970834950100021e-07 7.981644369108815426e-07 7.560930223269393055e-07 9.032647926405330598e-07 9.203463245009939540e-07 5.691443736411768432e-07 7.019629548744485342e-07 8.712180925914652161e-07 9.836087317761479432e-07 7.485535364346874932e-07 8.114137153483158968e-07 8.814221289495070502e-07 1.030395751564800783e-06 9.879350162159653076e-07 2.565619603691089321e-07 6.404727908141358020e-07 5.467992147172804239e-07 3.933444411976627250e-07 6.747538202808736541e-07 2.038978611246358317e-07 8.625729731157524111e-08 1.078766500591535173e-06 2.263155761702912064e-07 5.149876146029051427e-07 9.982775907996436333e-07 9.436964130391548106e-07
1.364016962255726975e-07 1.380825887273147075e-07 1.242285207018845603e-07 1.241790636645974360e-07 1.246114225213215669e-07 9.234854503177487186e-08 1.265514875440425643e-07 1.217453321197085418e-07 7.672574236406333571e-08 1.264219989780535501e-07 1.380131638917364763e-07 1.264317352533655226e-07 1.255768106442620864e-07 1.125569486078207877e-07 1.091774018023368030e-07 1.245043535147387964e-07 1.252188305406647267e-07 1.233501210379833048e-07 1.256403878078402362e-07 1.263020152692812135e-07 1.218472088926499654e-07 1.301843533341389132e-07 1.254578538182244637e-07 1.262641702859043572e-07 1.248910462669351123e-07 1.252893843946428355e-07 1.232140312594781811e-07 1.379537239246246527e-07 1.264618704949972823e-07 7.580523820780316133e-08 1.232895200002568827e-07 1.295238675632613023e-07 1.050944740377340077e-07 1.104900304129304627e-07 8.270626957464081904e-08 6.252316705823573235e-08 1.245235124471900788e-07 7.284993908878423090e-08 1.191407975990653484e-07 1.380825887273147075e-07 1.263344568711117494e-07
2.582145917884250128e-06 3.524165212039400247e-06 1.458062597605055558e-06 2.053292440137983356e-06 1.753729680585935384e-06 2.944230372321246318e-07 6.416243343806451675e-07 9.438003592893302547e-07 1.264219989780535501e-07 3.470644644395342483e-06 3.555123790909522132e-06 3.154221256430768175e-06 2.583945385947336618e-06 6.132053224226574176e-07 1.113137810217905920e-06 1.764371406747842035e-06 2.266690847706033069e-06 1.590515274796020163e-06 2.462429598087952439e-06 2.071000548984485251e-06 9.305980959615617609e-07 1.382052573771304265e-06 2.476297082445090100e-06 2.719634600093727920e-06 1.692701876461375815e-06 1.898308791187555453e-06 2.486975588629827053e-06 3.325861805485807317e-06 2.676381899644195232e-06 4.136034281458963880e-07 1.149066013963243745e-06 8.902131874148257523e-07 6.172973988914123780e-07 1.465577580314625499e-06 2.692767210575315400e-07 8.670772251040489695e-08 2.996991196418353062e-06 3.437831807661925660e-07 8.094656030857982895e-07 3.084391040124904498e-06 3.071066443653535098e-06
2.805348379746162235e-06 4.010790816117803998e-06 1.683992494093419662e-06 2.131495834138272382e-06 1.992317783831785713e-06 3.064109504765429668e-07 7.097089211754289115e-07 1.100636365117006997e-06 1.380131638917364763e-07 3.555123790909522132e-06 3.991494227242332894e-06 3.416508365473422368e-06 2.777797311535738590e-06 6.516980498131887491e-07 1.320958922373028861e-06 1.992096061884062643e-06 2.397173539032848723e-06 1.899161155024524543e-06 2.720856314372024702e-06 2.420829614992460281e-06 1.078306344741226725e-06 1.646545542947809392e-06 2.684917722414475699e-06 3.054917193283021842e-06 1.916769784684554334e-06 2.136852741186710007e-06 2.706687483612503792e-06 3.606704917029226943e-06 3.021838616277427769e-06 4.677836089848129503e-07 1.343108839150148539e-06 1.055986976128112367e-06 7.000328887633060133e-07 1.744617286587977042e-06 2.733183488838563326e-07 8.670772251040491019e-08 3.496525467508234648e-06 3.900711424090224279e-07 9.246569614146335962e-07 3.312801318266309893e-06 3.233117614533708428e-06
2.459384763412305579e-06 3.384125372526505995e-06 1.482116515128335918e-06 1.910770455852445553e-06 1.735523029074333859e-06 2.962607752313922350e-07 6.514261132018569368e-07 9.688182500711811223e-07 1.264317352533655226e-07 3.154221256430768175e-06 3.416508365473422368e-06 3.001283331004658422e-06 2.442698840949564542e-06 6.122913186143364816e-07 1.144448879141931770e-06 1.765374518195848168e-06 2.140245134341367719e-06 1.629032185415301480e-06 2.387300840134437336e-06 2.092516558633348988e-06 9.520837266041660517e-07 1.420549751845027962e-06 2.362857051062970990e-06 2.629982187920862127e-06 1.700121306980621934e-06 1.889458850533380555e-06 2.344939177541721945e-06 3.124565535221272252e-06 2.610326184325069570e-06 4.228170796354964897e-07 1.175244312480599512e-06 9.129338644881967537e-07 6.305115454339278771e-07 1.497254864460533513e-06 2.699433644740442330e-07 8.670772251040489695e-08 2.942677082538958898e-06 3.505556039476296721e-07 8.259970785048326951e-07 2.884161829104281380e-06 2.830438590681556220e-06
2.247534795351974998e-06 2.994346612463103790e-06 1.343809422100002015e-06 1.791281861990146004e-06 1.586630486605323655e-06 2.861731674662780597e-07 6.132416067491953014e-07 8.842744267415468830e-07 1.255768106442620864e-07 2.583945385947336618e-06 2.777797311535738590e-06 2.442698840949564542e-06 2.255924960118464532e-06 5.910549094652826707e-07 1.031260097552970814e-06 1.628378051207781680e-06 1.937682848549577560e-06 1.458327437832477086e-06 2.186793673008955036e-06 1.881928683764434852e-06 8.745678967825445900e-07 1.271880724637905605e-06 2.133982624131428905e-06 2.398396134602740957e-06 1.565378368481891405e-06 1.736310565309537496e-06 2.130182181567448128e-06 2.768148373223612724e-06 2.395244067335555737e-06 3.928013138767713428e-07 1.066624308200085238e-06 8.346310296611717142e-07 5.820823324416889010e-07 1.346063119678991202e-06 2.629639827950555238e-07 8.665214143568850507e-08 2.629519318191291768e-06 3.259150070540460384e-07 7.644257724448743421e-07 2.613569957072701711e-06 2.500276458822022137e-06
5.913012241844042083e-07 6.690811183080310343e-07 4.701831498563667542e-07 4.634997462122250774e-07 5.135147886923420743e-07 1.910397055785295222e-07 3.423096625539506445e-07 4.153808847309436226e-07 1.125569486078207877e-07 6.132053224226574176e-07 6.516980498131887491e-07 6.122913186143364816e-07 5.910549094652826707e-07 3.346669566409731652e-07 4.156524603167260235e-07 5.153709857861259462e-07 5.438499740994992673e-07 4.888510845173465498e-07 5.889771912587011718e-07 5.958623703853109047e-07 4.104371792163786414e-07 4.625762561922393432e-07 5.711290693981466893e-07 6.094218904723700921e-07 5.137156848686972816e-07 5.511702216855619836e-07 5.886370416183009860e-07 6.387235667345601635e-07 6.337087640531420972e-07 2.020964287781096673e-07 4.429473877175602854e-07 3.852830995142013941e-07 2.950583679695876582e-07 4.350974027734511131e-07 1.744945593556161323e-07 8.117996441319734066e-08 6.181411656625232234e-07 1.781799811417433225e-07 3.834700386311644938e-07 6.328510517294475223e-07 6.093627389752919245e-07
1.048388800920248378e-06 1.417241399506528558e-06 7.888013309388885117e-07 7.654055497451118253e-07 8.834328870182966071e-07 2.181500635134687735e-07 4.368832985680004728e-07 6.098954702051021002e-07 1.091774018023368030e-07 1.113137810217905920e-06 1.320958922373028861e-06 1.144448879141931770e-06 1.031260097552970814e-06 4.156524603167260235e-07 6.834021236889822805e-07 8.673892442060285857e-07 9.244007092783077329e-07 8.684154818783822277e-07 1.059178735703260330e-06 1.073726621302762284e-06 5.989802051846385546e-07 7.937583703551128441e-07 1.017970000595824418e-06 1.165333123331092546e-06 8.570771046258095134e-07 9.334993943706273790e-07 1.022975912966658841e-06 1.239697666051573474e-06 1.169957193488019155e-06 2.715146882269215422e-07 6.955482005809905790e-07 5.700120799763132875e-07 4.097990087115918810e-07 7.822341931921357132e-07 2.009795433506773844e-07 7.666347136042434202e-08 1.310594317375244094e-06 2.352755736635664924e-07 5.325864106106016270e-07 1.180665302595922938e-06 1.115419211295127946e-06
1.645080946452670979e-06 2.148969214128777396e-06 1.165421372118731907e-06 1.339956445244219038e-06 1.263546374429485446e-06 2.624268574314012738e-07 5.374073481423136130e-07 7.556970834950100021e-07 1.245043535147387964e-07 1.764371406747842035e-06 1.992096061884062643e-06 1.765374518195848168e-06 1.628378051207781680e-06 5.153709857861259462e-07 8.673892442060285857e-07 1.327916731320122387e-06 1.456090686819151175e-06 1.229689817651892934e-06 1.640053089390871566e-06 1.498622128180690708e-06 7.562620956167234181e-07 1.083552590621190945e-06 1.596126388169620319e-06 1.772772793119774779e-06 1.287678180738617404e-06 1.384808818893460382e-06 1.517588666237972481e-06 1.980639870757507637e-06 1.779578760156435874e-06 3.280167341932912307e-07 9.177133770142115696e-07 6.928794729095678396e-07 5.011109255137428324e-07 1.113327792613721337e-06 2.454664783703902720e-07 8.651047112953461748e-08 1.985571202941103610e-06 2.801904138941619520e-07 6.569156213535403613e-07 1.835760798445915365e-06 1.752230357733887384e-06
1.941535813769916274e-06 2.537892838016376477e-06 1.237925384718444669e-06 1.592768431683395460e-06 1.405143619810800524e-06 2.743074255569343295e-07 5.644189621422570801e-07 7.981644369108815426e-07 1.252188305406647267e-07 2.266690847706033069e-06 2.397173539032848723e-06 2.140245134341367719e-06 1.937682848549577560e-06 5.438499740994992673e-07 9.244007092783077329e-07 1.456090686819151175e-06 1.720964268064624058e-06 1.307184322993937515e-06 1.892953766308459246e-06 1.643778815949124514e-06 7.954246253493250763e-07 1.148555688725638182e-06 1.866669559322297162e-06 2.054112956974402924e-06 1.406852955311570853e-06 1.535419084414746010e-06 1.815952648999200327e-06 2.386895640568942534e-06 2.044872631900071220e-06 3.483027531645507046e-07 9.716641159551765073e-07 7.233164498941746494e-07 5.278707944963601387e-07 1.195051735776880135e-06 2.568430577008176309e-07 8.670346597686030582e-08 2.254691192059554474e-06 2.947202864534109794e-07 6.939999155383039997e-07 2.228006015618956198e-06 2.164549967249878825e-06
1.490624278885739332e-06 2.106991930675092944e-06 1.122462137312769698e-06 1.171960805847984988e-06 1.206949099329558449e-06 2.490204040841261200e-07 5.212880016686520232e-07 7.560930223269393055e-07 1.233501210379833048e-07 1.590515274796020163e-06 1.899161155024524543e-06 1.629032185415301480e-06 1.458327437832477086e-06 4.888510845173465498e-07 8.684154818783822277e-07 1.229689817651892934e-06 1.307184322993937515e-06 1.218658935267958750e-06 1.497838952484266028e-06 1.447092883656507284e-06 7.553066503304500810e-07 1.080915945106152103e-06 1.456736364674606420e-06 1.660810706432556777e-06 1.197418513926235495e-06 1.283813806993345390e-06 1.407230943623895420e-06 1.825724689213917994e-06 1.653557942027232365e-06 3.156435059979636785e-07 9.118115726167152078e-07 7.030645356403607033e-07 4.973069850579036150e-07 1.094095109784125269e-06 2.279827641386026762e-07 8.613824351752906559e-08 1.935305298026656418e-06 2.754057275357802752e-07 6.481576495276754767e-07 1.667809248762038725e-06 1.599204729838519183e-06
2.198718292690043949e-06 2.937160874990582339e-06 1.375913796347349679e-06 1.726173646663790070e-06 1.591367671351330695e-06 2.891509611166334825e-07 6.205476120272427512e-07 9.032647926405330598e-07 1.256403878078402362e-07 2.462429598087952439e-06 2.720856314372024702e-06 2.387300840134437336e-06 2.186793673008955036e-06 5.889771912587011718e-07 1.059178735703260330e-06 1.640053089390871566e-06 1.892953766308459246e-06 1.497838952484266028e-06 2.155433282420410793e-06 1.905947800354372966e-06 8.914088666459730826e-07 1.309672883600310596e-06 2.095474315802757892e-06 2.361770034241785471e-06 1.582345822123699702e-06 1.742255893999994408e-06 2.068235257582745376e-06 2.690360732688522980e-06 2.363993158533446635e-06 3.983417394921195387e-07 1.092806696553442310e-06 8.477245951597710758e-07 5.927056983462322114e-07 1.375778458335100441e-06 2.652787484839641478e-07 8.670716085210371811e-08 2.623016162341768999e-06 3.309483660403419400e-07 7.779798024051627572e-07 2.526168394820001127e-06 2.401669302481813987e-06
1.907828958670530323e-06 2.605653895538131079e-06 1.303982580698107875e-06 1.403624430460191618e-06 1.483300079134164959e-06 2.911462625600962510e-07 6.296773000936264798e-07 9.203463245009939540e-07 1.263020152692812135e-07 2.071000548984485251e-06 2.420829614992460281e-06 2.092516558633348988e-06 1.881928683764434852e-06 5.958623703853109047e-07 1.073726621302762284e-06 1.498622128180690708e-06 1.643778815949124514e-06 1.447092883656507284e-06 1.905947800354372966e-06 1.835070451596678041e-06 9.026584494855198110e-07 1.290014699579849739e-06 1.836711763719505708e-06 2.104586662467558629e-06 1.461917851356453054e-06 1.611675259080016553e-06 1.828512900880857240e-06 2.309021913661058834e-06 2.111371078159742929e-06 4.038226706918425581e-07 1.086448410014820053e-06 8.663367797629985732e-07 6.028143377105370740e-07 1.316865649191133889e-06 2.668593160293031072e-07 8.670772251040489695e-08 2.373872574045914778e-06 3.358914868497702030e-07 7.916140093448305704e-07 2.182237892807432742e-06 2.053486053356813081e-06
8.846061730598052037e-07 1.145678670787550289e-06 7.022838528791946920e-07 6.839634190467290138e-07 7.665490191330879674e-07 2.197864184867674821e-07 4.321606703155208532e-07 5.691443736411768432e-07 1.218472088926499654e-07 9.305980959615617609e-07 1.078306344741226725e-06 9.520837266041660517e-07 8.745678967825445900e-07 4.104371792163786414e-07 5.989802051846385546e-07 7.562620956167234181e-07 7.954246253493250763e-07 7.553066503304500810e-07 8.914088666459730826e-07 9.026584494855198110e-07 5.663175239169006909e-07 6.941777850863160967e-07 8.645495171980651989e-07 9.680852105625849074e-07 7.477636500523247447e-07 8.044888478372024673e-07 8.612563808385469162e-07 1.019500226429522906e-06 9.697635318414424969e-07 2.545295840822847144e-07 6.357778805132541404e-07 5.317257517956430907e-07 3.879339584423357636e-07 6.704662724159088708e-07 2.034862055923119046e-07 8.638021552047885862e-08 1.067193135206735655e-06 2.152278953342308792e-07 5.075283951511699638e-07 9.777801492206377585e-07 9.318660669239774888e-07
1.298234392647639217e-06 1.783667992282868246e-06 9.967259538691550549e-07 1.008995524068641497e-06 1.075193953873878678e-06 2.392412383511156520e-07 4.889510690789143084e-07 7.019629548744485342e-07 1.301843533341389132e-07 1.382052573771304265e-06 1.646545542947809392e-06 1.420549751845027962e-06 1.271880724637905605e-06 4.625762561922393432e-07 7.937583703551128441e-07 1.083552590621190945e-06 1.148555688725638182e-06 1.080915945106152103e-06 1.309672883600310596e-06 1.290014699579849739e-06 6.941777850863160967e-07 9.701329860578072966e-07 1.271819483902531704e-06 1.447565789057103159e-06 1.061308196830754443e-06 1.138917135034778346e-06 1.235337557386503703e-06 1.574415198889276582e-06 1.443513191489209935e-06 2.966109254026786963e-07 8.297505539371056594e-07 6.460212985751451193e-07 4.604251438625682308e-07 9.700026640582573968e-07 2.191744657202769751e-07 8.518349092666634600e-08 1.673527416240314551e-06 2.601367617237588974e-07 6.038383839539217786e-07 1.451382237239015365e-06 1.390121682192978798e-06
2.143923101112738572e-06 2.865700378908771312e-06 1.351985254194590375e-06 1.715404576795961940e-06 1.545677378827514740e-06 2.824497154665088648e-07 6.017373645296468503e-07 8.712180925914652161e-07 1.254578538182244637e-07 2.476297082445090100e-06 2.684917722414475699e-06 2.362857051062970990e-06 2.133982624131428905e-06 5.711290693981466893e-07 1.017970000595824418e-06 1.596126388169620319e-06 1.866669559322297162e-06 1.456736364674606420e-06 2.095474315802757892e-06 1.836711763719505708e-06 8.645495171980651989e-07 1.271819483902531704e-06 2.054076398031067147e-06 2.292518812668809296e-06 1.538005922493776397e-06 1.689093768199671821e-06 2.015279299972746165e-06 2.648566627584433780e-06 2.284290750944032616e-06 3.788745135116889140e-07 1.063231066404371280e-06 8.124623311153191906e-07 5.720080783450741959e-07 1.333304691921885650e-06 2.609434850396811594e-07 8.670588981319005356e-08 2.551204312174569043e-06 3.182734202619894831e-07 7.503936543973646538e-07 2.469663426662738841e-06 2.381180072985599796e-06
2.419084079887050814e-06 3.334001545786576992e-06 1.499567718497910114e-06 1.867319875489934118e-06 1.750060279754938862e-06 2.942641151009989785e-07 6.539191489224286219e-07 9.836087317761479432e-07 1.262641702859043572e-07 2.719634600093727920e-06 3.054917193283021842e-06 2.629982187920862127e-06 2.398396134602740957e-06 6.094218904723700921e-07 1.165333123331092546e-06 1.772772793119774779e-06 2.054112956974402924e-06 1.660810706432556777e-06 2.361770034241785471e-06 2.104586662467558629e-06 9.680852105625849074e-07 1.447565789057103159e-06 2.292518812668809296e-06 2.631443753501521557e-06 1.707403810250491789e-06 1.888372081436248060e-06 2.297789879357205727e-06 2.997977324690451962e-06 2.620380137717501053e-06 4.231598901436544685e-07 1.195671180370642458e-06 9.330827771771338624e-07 6.389454068974930280e-07 1.524773122353774862e-06 2.658266869934410978e-07 8.668292733927685923e-08 2.973493994562841550e-06 3.535233143806279226e-07 8.358430916004343807e-07 2.797931142387796698e-06 2.664019873817569982e-06
1.582931155684848116e-06 2.063129649270810061e-06 1.133241096748718687e-06 1.281050825280906329e-06 1.231736506381594346e-06 2.623485616266273358e-07 5.341720289029910897e-07 7.485535364346874932e-07 1.248910462669351123e-07 1.692701876461375815e-06 1.916769784684554334e-06 1.700121306980621934e-06 1.565378368481891405e-06 5.137156848686972816e-07 8.570771046258095134e-07 1.287678180738617404e-06 1.406852955311570853e-06 1.197418513926235495e-06 1.582345822123699702e-06 1.461917851356453054e-06 7.477636500523247447e-07 1.061308196830754443e-06 1.538005922493776397e-06 1.707403810250491789e-06 1.253240829730769106e-06 1.346251861858716604e-06 1.463602560047330532e-06 1.898040254246178469e-06 1.716042176889119961e-06 3.242845878794836852e-07 9.047785060361737725e-07 6.845162576949942050e-07 4.967409213441064389e-07 1.084198995802600340e-06 2.458018905630361054e-07 8.660126436289260554e-08 1.909552965189781813e-06 2.783110717155898212e-07 6.517748072895161122e-07 1.762944099757876458e-06 1.682925706745655475e-06
1.750594213566412934e-06 2.294818727827091137e-06 1.195257879558705267e-06 1.371102264197720832e-06 1.336224390248263636e-06 2.764994462656930826e-07 5.749065968107619289e-07 8.114137153483158968e-07 1.252893843946428355e-07 1.898308791187555453e-06 2.136852741186710007e-06 1.889458850533380555e-06 1.736310565309537496e-06 5.511702216855619836e-07 9.334993943706273790e-07 1.384808818893460382e-06 1.535419084414746010e-06 1.283813806993345390e-06 1.742255893999994408e-06 1.611675259080016553e-06 8.044888478372024673e-07 1.138917135034778346e-06 1.689093768199671821e-06 1.888372081436248060e-06 1.346251861858716604e-06 1.469470814304696892e-06 1.641035893054334742e-06 2.233835113911281142e-06 1.898244198341737895e-06 3.584656115071771968e-07 9.689454957891474775e-07 7.519995244495657321e-07 5.374704579495290405e-07 1.168255552170951384e-06 2.573923401999877830e-07 8.670024795346569247e-08 2.092664422858616758e-06 3.010758964625847388e-07 7.066745710260607939e-07 1.976588361122834895e-06 1.875742844081694720e-06
2.135692118871215038e-06 2.899857195211547978e-06 1.260678027536805304e-06 1.630118070556790519e-06 1.520941863121286483e-06 2.779304338466058676e-07 6.046471158450837340e-07 8.814221289495070502e-07 1.232140312594781811e-07 2.486975588629827053e-06 2.706687483612503792e-06 2.344939177541721945e-06 2.130182181567448128e-06 5.886370416183009860e-07 1.022975912966658841e-06 1.517588666237972481e-06 1.815952648999200327e-06 1.407230943623895420e-06 2.068235257582745376e-06 1.828512900880857240e-06 8.612563808385469162e-07 1.235337557386503703e-06 2.015279299972746165e-06 2.297789879357205727e-06 1.463602560047330532e-06 1.641035893054334742e-06 2.064755040683435814e-06 2.637788094237189321e-06 2.285950245647769764e-06 3.933432777708622681e-07 1.039930339354775972e-06 8.435511359365236135e-07 5.790958126929660641e-07 1.295734454986174606e-06 2.502700342441310896e-07 8.585084650693883234e-08 2.540570511996951577e-06 3.260359382164430259e-07 7.618407127110758344e-07 2.506697864578633988e-06 2.395555242265718938e-06
2.786832203150514550e-06 3.852395537064782737e-06 1.663838369179919553e-06 2.216686021304444709e-06 1.946141418346169227e-06 2.997157837606217054e-07 6.745910381527090960e-07 1.030395751564800783e-06 1.379537239246246527e-07 3.325861805485807317e-06 3.606704917029226943e-06 3.124565535221272252e-06 2.768148373223612724e-06 6.387235667345601635e-07 1.239697666051573474e-06 1.980639870757507637e-06 2.386895640568942534e-06 1.825724689213917994e-06 2.690360732688522980e-06 2.309021913661058834e-06 1.019500226429522906e-06 1.574415198889276582e-06 2.648566627584433780e-06 2.997977324690451962e-06 1.898040254246178469e-06 2.233835113911281142e-06 2.637788094237189321e-06 3.530119725583875232e-06 2.965987784340941568e-06 4.380807837553678862e-07 1.283935836553519597e-06 9.729826554185201611e-07 6.659377782116887595e-07 1.680712622566205422e-06 2.715328986559535648e-07 8.670772251040491019e-08 3.392994932499463348e-06 3.670699206752047882e-07 8.696658211161344765e-07 3.256671323285930728e-06 3.161438209116741396e-06
2.414330067748775245e-06 3.294552375225106533e-06 1.492880180562226195e-06 1.851201598536056692e-06 1.748296320167785418e-06 2.983823746675106517e-07 6.610803406779104879e-07 9.879350162159653076e-07 1.264618704949972823e-07 2.676381899644195232e-06 3.021838616277427769e-06 2.610326184325069570e-06 2.395244067335555737e-06 6.337087640531420972e-07 1.169957193488019155e-06 1.779578760156435874e-06 2.044872631900071220e-06 1.653557942027232365e-06 2.363993158533446635e-06 2.111371078159742929e-06 9.697635318414424969e-07 1.443513191489209935e-06 2.284290750944032616e-06 2.620380137717501053e-06 1.716042176889119961e-06 1.898244198341737895e-06 2.285950245647769764e-06 2.965987784340941568e-06 2.622296213704013972e-06 4.308898699106823550e-07 1.194021305446407767e-06 9.368564248550071117e-07 6.432058029733577658e-07 1.521585499569075684e-06 2.712731901393987508e-07 8.670772251040489695e-08 2.941800167658990166e-06 3.574585768379207210e-07 8.428320136014037492e-07 2.781470482306907393e-06 2.634513820655931393e-06
3.944965879804763701e-07 4.876754709313131113e-07 2.863920270842096927e-07 2.808755124269409582e-07 3.288261796209149840e-07 1.253049170307577112e-07 2.070464248202928478e-07 2.565619603691089321e-07 7.580523820780316133e-08 4.136034281458963880e-07 4.677836089848129503e-07 4.228170796354964897e-07 3.928013138767713428e-07 2.020964287781096673e-07 2.715146882269215422e-07 3.280167341932912307e-07 3.483027531645507046e-07 3.156435059979636785e-07 3.983417394921195387e-07 4.038226706918425581e-07 2.545295840822847144e-07 2.966109254026786963e-07 3.788745135116889140e-07 4.231598901436544685e-07 3.242845878794836852e-07 3.584656115071771968e-07 3.933432777708622681e-07 4.380807837553678862e-07 4.308898699106823550e-07 1.471584985787143830e-07 2.762810610389465422e-07 2.485743589925248729e-07 1.889974815193913183e-07 2.905759870338988408e-07 1.089516099487513666e-07 6.450034190601163435e-08 4.416287126696190420e-07 1.255082568565359060e-07 2.364306799606284381e-07 4.458159611351324773e-07 4.093394815921884288e-07
1.083737260277017416e-06 1.442483455354331639e-06 8.534220379576800726e-07 8.525876894986695987e-07 9.206483244291475325e-07 2.324269893513778874e-07 4.669553912736885779e-07 6.404727908141358020e-07 1.232895200002568827e-07 1.149066013963243745e-06 1.343108839150148539e-06 1.175244312480599512e-06 1.066624308200085238e-06 4.429473877175602854e-07 6.955482005809905790e-07 9.177133770142115696e-07 9.716641159551765073e-07 9.118115726167152078e-07 1.092806696553442310e-06 1.086448410014820053e-06 6.357778805132541404e-07 8.297505539371056594e-07 1.063231066404371280e-06 1.195671180370642458e-06 9.047785060361737725e-07 9.689454957891474775e-07 1.039930339354775972e-06 1.283935836553519597e-06 1.194021305446407767e-06 2.762810610389465422e-07 7.377515656677043309e-07 5.905634164947230056e-07 4.276502163207481736e-07 8.154148385105216805e-07 2.164966747373732478e-07 8.618915229998487149e-08 1.350662076338962798e-06 2.317069528303419871e-07 5.596108527738233469e-07 1.201916036307660815e-06 1.153158662931376466e-06
8.391537559706466154e-07 1.123595094248999225e-06 6.255828265396308751e-07 6.038287537975020115e-07 7.144415308166490036e-07 2.067017310219393417e-07 4.115463187366697822e-07 5.467992147172804239e-07 1.295238675632613023e-07 8.902131874148257523e-07 1.055986976128112367e-06 9.129338644881967537e-07 8.346310296611717142e-07 3.852830995142013941e-07 5.700120799763132875e-07 6.928794729095678396e-07 7.233164498941746494e-07 7.030645356403607033e-07 8.477245951597710758e-07 8.663367797629985732e-07 5.317257517956430907e-07 6.460212985751451193e-07 8.124623311153191906e-07 9.330827771771338624e-07 6.845162576949942050e-07 7.519995244495657321e-07 8.435511359365236135e-07 9.729826554185201611e-07 9.368564248550071117e-07 2.485743589925248729e-07 5.905634164947230056e-07 5.236646358076887934e-07 3.722572553490762218e-07 6.302899598244961779e-07 1.859080983046144728e-07 8.455664204784153831e-08 1.026452281190032105e-06 2.160758046106442488e-07 4.844474736352355538e-07 9.533275145952013789e-07 8.901785062984807799e-07
5.878257356250061074e-07 7.435164333188079096e-07 4.559907443217603885e-07 4.411131867524787392e-07 5.098791588246539926e-07 1.700388104652575463e-07 3.084597383391111226e-07 3.933444411976627250e-07 1.050944740377340077e-07 6.172973988914123780e-07 7.000328887633060133e-07 6.305115454339278771e-07 5.820823324416889010e-07 2.950583679695876582e-07 4.097990087115918810e-07 5.011109255137428324e-07 5.278707944963601387e-07 4.973069850579036150e-07 5.927056983462322114e-07 6.028143377105370740e-07 3.879339584423357636e-07 4.604251438625682308e-07 5.720080783450741959e-07 6.389454068974930280e-07 4.967409213441064389e-07 5.374704579495290405e-07 5.790958126929660641e-07 6.659377782116887595e-07 6.432058029733577658e-07 1.889974815193913183e-07 4.276502163207481736e-07 3.722572553490762218e-07 2.773550478030964709e-07 4.464926806761991640e-07 1.529625092823970890e-07 7.842400556050314795e-08 6.678938903247107781e-07 1.660197159107045715e-07 3.560034645953833536e-07 6.490785960995442932e-07 6.159136446425077872e-07
1.372427997224737748e-06 1.904133521787759546e-06 1.002413763453622545e-06 1.066993362737043145e-06 1.092950777581293952e-06 2.245856776891799300e-07 4.631184521047324774e-07 6.747538202808736541e-07 1.104900304129304627e-07 1.465577580314625499e-06 1.744617286587977042e-06 1.497254864460533513e-06 1.346063119678991202e-06 4.350974027734511131e-07 7.822341931921357132e-07 1.113327792613721337e-06 1.195051735776880135e-06 1.094095109784125269e-06 1.375778458335100441e-06 1.316865649191133889e-06 6.704662724159088708e-07 9.700026640582573968e-07 1.333304691921885650e-06 1.524773122353774862e-06 1.084198995802600340e-06 1.168255552170951384e-06 1.295734454986174606e-06 1.680712622566205422e-06 1.521585499569075684e-06 2.905759870338988408e-07 8.154148385105216805e-07 6.302899598244961779e-07 4.464926806761991640e-07 9.896484512147536798e-07 2.046871230478860626e-07 7.762023018824165420e-08 1.767884534045623585e-06 2.467076772763905110e-07 5.782557792017013408e-07 1.542599841674492986e-06 1.470722211754765599e-06
2.611857293403163877e-07 2.746942840448343100e-07 2.301442185784926882e-07 2.279084372779869774e-07 2.413640017218443829e-07 1.026141587610750369e-07 1.885860878280847309e-07 2.038978611246358317e-07 8.270626957464081904e-08 2.692767210575315400e-07 2.733183488838563326e-07 2.699433644740442330e-07 2.629639827950555238e-07 1.744945593556161323e-07 2.009795433506773844e-07 2.454664783703902720e-07 2.568430577008176309e-07 2.279827641386026762e-07 2.652787484839641478e-07 2.668593160293031072e-07 2.034862055923119046e-07 2.191744657202769751e-07 2.609434850396811594e-07 2.658266869934410978e-07 2.458018905630361054e-07 2.573923401999877830e-07 2.502700342441310896e-07 2.715328986559535648e-07 2.712731901393987508e-07 1.089516099487513666e-07 2.164966747373732478e-07 1.859080983046144728e-07 1.529625092823970890e-07 2.046871230478860626e-07 1.054296676529963816e-07 6.025713050671194707e-08 2.602512997357597294e-07 8.972004116930459001e-08 1.912912412397435068e-07 2.743193800793290939e-07 2.661030344217205800e-07
8.657067421968963834e-08 8.670772251040491019e-08 8.658578049463770216e-08 8.654050461189061351e-08 8.652948569450604944e-08 6.846481823257467981e-08 8.281034860428655613e-08 8.625729731157524111e-08 6.252316705823573235e-08 8.670772251040489695e-08 8.670772251040491019e-08 8.670772251040489695e-08 8.665214143568850507e-08 8.117996441319734066e-08 7.666347136042434202e-08 8.651047112953461748e-08 8.670346597686030582e-08 8.613824351752906559e-08 8.670716085210371811e-08 8.670772251040489695e-08 8.638021552047885862e-08 8.518349092666634600e-08 8.670588981319005356e-08 8.668292733927685923e-08 8.660126436289260554e-08 8.670024795346569247e-08 8.585084650693883234e-08 8.670772251040491019e-08 8.670772251040489695e-08 6.450034190601163435e-08 8.618915229998487149e-08 8.455664204784153831e-08 7.842400556050314795e-08 7.762023018824165420e-08 6.025713050671194707e-08 5.174666366122579008e-08 8.618250043000253342e-08 6.251115457948819327e-08 8.465633688232431202e-08 8.670772251040491019e-08 8.670290928206312915e-08
2.675531361373419759e-06 3.847017312753674548e-06 1.730823857117182825e-06 2.072291425260677954e-06 1.970320371744855257e-06 2.933842437965554315e-07 6.797144109226460954e-07 1.078766500591535173e-06 1.245235124471900788e-07 2.996991196418353062e-06 3.496525467508234648e-06 2.942677082538958898e-06 2.629519318191291768e-06 6.181411656625232234e-07 1.310594317375244094e-06 1.985571202941103610e-06 2.254691192059554474e-06 1.935305298026656418e-06 2.623016162341768999e-06 2.373872574045914778e-06 1.067193135206735655e-06 1.673527416240314551e-06 2.551204312174569043e-06 2.973493994562841550e-06 1.909552965189781813e-06 2.092664422858616758e-06 2.540570511996951577e-06 3.392994932499463348e-06 2.941800167658990166e-06 4.416287126696190420e-07 1.350662076338962798e-06 1.026452281190032105e-06 6.678938903247107781e-07 1.767884534045623585e-06 2.602512997357597294e-07 8.618250043000253342e-08 3.487610242570864589e-06 3.756305671922324611e-07 8.959629376128872032e-07 3.090132190671072811e-06 2.964886649367484757e-06
3.285045880217516772e-07 4.085637888838380410e-07 2.551063755195540141e-07 2.412687253876532274e-07 2.848735550642217345e-07 1.144645872746706795e-07 1.844409194906934136e-07 2.263155761702912064e-07 7.284993908878423090e-08 3.437831807661925660e-07 3.900711424090224279e-07 3.505556039476296721e-07 3.259150070540460384e-07 1.781799811417433225e-07 2.352755736635664924e-07 2.801904138941619520e-07 2.947202864534109794e-07 2.754057275357802752e-07 3.309483660403419400e-07 3.358914868497702030e-07 2.152278953342308792e-07 2.601367617237588974e-07 3.182734202619894831e-07 3.535233143806279226e-07 2.783110717155898212e-07 3.010758964625847388e-07 3.260359382164430259e-07 3.670699206752047882e-07 3.574585768379207210e-07 1.255082568565359060e-07 2.317069528303419871e-07 2.160758046106442488e-07 1.660197159107045715e-07 2.467076772763905110e-07 8.972004116930459001e-08 6.251115457948819327e-08 3.756305671922324611e-07 1.112442285221498803e-07 2.054963934317354978e-07 3.642470772729404661e-07 3.416130773557319651e-07
7.710487243844515681e-07 4.153338916652357285e-07 5.995207846994216234e-07 5.836058655052917920e-07 6.680118376237159441e-07 2.093421233730213644e-07 4.007668066252007514e-07 5.149876146029051427e-07 1.191407975990653484e-07 8.094656030857982895e-07 9.246569614146335962e-07 8.259970785048326951e-07 7.644257724448743421e-07 3.834700386311644938e-07 5.325864106106016270e-07 6.569156213535403613e-07 6.939999155383039997e-07 6.481576495276754767e-07 7.779798024051627572e-07 7.916140093448305704e-07 5.075283951511699638e-07 6.038383839539217786e-07 7.503936543973646538e-07 8.358430916004343807e-07 6.517748072895161122e-07 7.066745710260607939e-07 7.618407127110758344e-07 8.696658211161344765e-07 8.428320136014037492e-07 2.364306799606284381e-07 5.596108527738233469e-07 4.844474736352355538e-07 3.560034645953833536e-07 5.782557792017013408e-07 1.912912412397435068e-07 8.465633688232431202e-08 8.959629376128872032e-07 2.054963934317354978e-07 4.645074385110037992e-07 8.556620653369269955e-07 8.065960460037886592e-07
