1.136483007560813234e-06 1.029097984097354913e-06 3.334833970806075529e-07 5.482225795892272000e-07 4.319068347812086513e-07 8.280949073917277885e-08 1.183501832168317786e-07 1.040801560648236032e-07 1.045797717379051834e-07 1.177263748918106355e-06 1.629734238190184669e-06 9.471047694050793643e-07 7.689460135372265205e-07 1.415902066050132330e-07 2.173434634663246467e-07 6.376516435632686248e-07 5.703106681176888925e-07 4.476976779004912705e-07 9.436863399185086142e-07 6.524544641226614775e-07 2.323393930107299980e-07 2.277272209510155479e-07 8.748572566007667327e-07 1.426288531997190091e-06 7.757758348940621797e-07 7.079942935663946107e-07 1.604276876412363604e-06 2.118569553706050577e-06 1.002551318656954046e-06 1.026571934258333761e-07 2.518735740463314177e-07 9.783049501194475820e-08 1.310872460186197762e-07 3.000755005177933641e-07 1.072009076748115499e-07 8.509719594731527252e-08 1.857736280711401071e-06 1.051766500732849766e-07 1.600310536352223987e-07 1.155220452568757044e-06 8.717401050048571580e-07
1.029097984097354913e-06 1.017947678958213196e-06 3.534322012952153864e-07 5.526633282713934614e-07 4.400022901531618389e-07 8.456126940650595599e-08 1.257070981658756136e-07 1.071816064896123471e-07 1.065391986887497687e-07 1.166425382771793261e-06 1.601805234358464334e-06 9.959251782842067943e-07 7.203099658547858941e-07 1.507767216497929556e-07 2.340894715052419584e-07 6.461347937757696818e-07 5.634957832811825783e-07 4.385514044440061249e-07 8.748235569956556542e-07 6.360476034931784962e-07 2.472312207109148612e-07 2.451033086676005318e-07 8.013797420622786902e-07 1.314757884159615526e-06 7.176634603394229763e-07 7.208197359838890765e-07 1.455420982899007690e-06 2.047169027995099016e-06 9.284658155978582620e-07 1.074177139545005508e-07 2.622073336368428632e-07 1.004670991771270936e-07 1.378174266375951102e-07 3.098335355218404561e-07 1.094354093740545024e-07 8.686575110204076392e-08 1.667954970100582072e-06 1.088587103993095847e-07 1.737540909989682555e-07 1.086934423945689584e-06 8.262617349993247383e-07
3.334833970806075529e-07 3.534322012952153864e-07 1.989577944744755054e-07 2.610665972044791913e-07 2.252512410998485984e-07 7.485839304999948525e-08 8.037120922253842773e-08 8.678304834923526322e-08 8.246468943164719687e-08 3.289483992774269079e-07 5.344956845002728414e-07 3.338554339197892159e-07 2.691675349633893030e-07 9.069999401086153288e-08 1.369174800293123976e-07 2.979280230397458532e-07 2.512257332798073154e-07 2.004847751493380390e-07 2.959892904002561655e-07 2.691038062604355095e-07 1.469249324754126655e-07 1.419576377843614954e-07 2.752751533983229683e-07 3.873998482087571653e-07 2.623695386066870353e-07 3.263360272295824405e-07 4.166377900814716862e-07 4.737920541889248713e-07 3.186660850182213398e-07 6.923482915485256428e-08 1.489913905467488610e-07 8.196437029221772187e-08 8.803653461242391862e-08 1.670495403024934145e-07 6.822991293546998430e-08 6.498379108761776732e-08 5.105138711969950314e-07 7.279753077351758482e-08 1.085706355164802448e-07 3.876407528026747554e-07 2.292157800510170081e-07
5.482225795892272000e-07 5.526633282713934614e-07 2.610665972044791913e-07 3.848124756241407213e-07 3.178240004084774840e-07 7.228686454950907794e-08 9.041496223970742607e-08 1.087922563971289501e-07 1.054948704659084188e-07 5.269247939887992952e-07 8.352496737555290862e-07 5.242992263693828638e-07 4.317935101150050028e-07 9.148034660436567785e-08 1.760825565754155604e-07 4.348129456982531482e-07 3.756481183007148093e-07 2.895715601814448459e-07 4.862148191111660549e-07 4.057993878089311758e-07 1.889043074374602082e-07 1.842522651632756421e-07 4.517691743922090204e-07 6.434405675526353590e-07 4.254393065142232206e-07 4.812215663786669592e-07 6.873023964122720877e-07 7.926163253108730256e-07 5.125914925511085656e-07 8.711382023301716626e-08 1.976925370811372961e-07 8.484966264033569282e-08 1.000955516393215535e-07 2.271880958999061034e-07 9.190440499338828614e-08 7.995841063355995713e-08 8.318597044225723203e-07 9.192345212268813698e-08 1.331691076843979996e-07 5.984869634961552687e-07 3.686877109111556766e-07
4.319068347812086513e-07 4.400022901531618389e-07 2.252512410998485984e-07 3.178240004084774840e-07 2.683971372579729220e-07 8.339159016416355300e-08 7.761983246354925143e-08 9.591904171491763512e-08 9.522529469967272136e-08 4.160259299128070703e-07 6.622826308701625415e-07 4.168054422141592784e-07 3.470974549876123654e-07 1.015565563448640430e-07 1.521259808477443511e-07 3.564984730840364306e-07 3.080481446382741596e-07 2.415664490857066001e-07 3.814795660883909711e-07 3.303555219176779896e-07 1.650753235542431923e-07 1.586443704223418968e-07 3.585940658765532753e-07 5.036671285034646518e-07 3.409346746486876729e-07 3.919000104956296214e-07 5.358752794811360276e-07 6.155195263594486714e-07 4.054043966532186556e-07 7.754329609844053791e-08 1.673865903561304601e-07 9.145679520582205172e-08 8.891535979134114414e-08 1.944633132018597663e-07 8.233468298546397887e-08 6.979136877451405363e-08 6.504998355756044076e-07 8.241254490617041701e-08 1.156770200403703353e-07 4.759799456894399431e-07 2.943284917877473589e-07
8.280949073917277885e-08 8.456126940650595599e-08 7.485839304999948525e-08 7.228686454950907794e-08 8.339159016416355300e-08 5.646146073260776887e-08 5.715636770114260658e-08 5.900718161848660514e-08 6.166845993540260171e-08 8.573579955181944566e-08 8.773759739217230576e-08 8.550128987725158409e-08 7.881463901241250888e-08 6.154902812837391774e-08 6.881151005967858344e-08 7.563764295861326288e-08 9.122535422050202389e-08 7.595808451398226379e-08 8.663520603527746711e-08 7.216757497181916913e-08 6.741003960383435817e-08 7.115327724930338338e-08 8.136965938562415086e-08 8.354130951087524576e-08 8.947269344369913260e-08 8.574062449233060737e-08 7.495731113650193099e-08 8.482098737472272526e-08 8.582175572452683394e-08 5.330958589672793581e-08 6.611682034359682848e-08 5.921560392885761523e-08 6.097709160102251445e-08 7.042032103856262185e-08 5.173656043985624941e-08 5.160268695044597034e-08 8.500068143209980473e-08 5.592045730897043194e-08 6.129467839014967916e-08 8.491004122861170478e-08 6.833954601343786937e-08
1.183501832168317786e-07 1.257070981658756136e-07 8.037120922253842773e-08 9.041496223970742607e-08 7.761983246354925143e-08 5.715636770114260658e-08 5.851445669389079676e-08 6.039187922274356613e-08 6.246625687550778671e-08 1.248805792323776656e-07 1.476034374233862409e-07 1.259127276828887746e-07 9.990233729758261443e-08 6.317746385014511427e-08 7.208393986561797762e-08 1.143171994569951443e-07 9.880380143959899087e-08 6.166963950574437716e-08 1.208277285479652221e-07 1.043346173861286126e-07 7.108197679125785903e-08 7.454921487073409058e-08 1.025222169817363049e-07 1.222786096931331922e-07 9.181665281086698543e-08 1.267225508130029996e-07 1.204391737602375899e-07 1.340441789878003895e-07 1.228618366664672737e-07 5.404639781590893057e-08 6.996492677994537132e-08 6.027521354647943311e-08 6.222452964151685530e-08 7.496596749617299824e-08 5.293261879240656055e-08 5.220599661758603849e-08 1.404612585531429142e-07 5.666008505511475612e-08 6.336370502408340927e-08 1.325146944753477638e-07 9.540595474278187186e-08
1.040801560648236032e-07 1.071816064896123471e-07 8.678304834923526322e-08 1.087922563971289501e-07 9.591904171491763512e-08 5.900718161848660514e-08 6.039187922274356613e-08 6.296462406846509833e-08 6.432259734515856103e-08 1.064881188147389144e-07 1.638745619553690690e-07 1.066353565365658940e-07 9.611502653208722360e-08 6.577574303328220120e-08 5.145009822329137020e-08 9.461159003744842056e-08 1.061182084310657717e-07 8.698593008978241499e-08 1.056465693836041930e-07 8.935404651423426017e-08 7.566948362037020547e-08 7.936069446969027126e-08 9.896009300905588129e-08 1.085928803581094760e-07 8.929380499460807887e-08 1.062857900571147125e-07 1.333195232882497279e-07 1.174483644424417481e-07 1.060579276518812636e-07 5.553389330554721901e-08 7.397059137765670010e-08 6.252320242953729131e-08 6.451280549776102648e-08 7.967733295547120961e-08 5.517055373045543673e-08 5.322818238955988596e-08 1.576943113626786753e-07 5.817400273586543420e-08 6.733064490974376095e-08 1.096825775880497824e-07 8.321398285042755828e-08
1.045797717379051834e-07 1.065391986887497687e-07 8.246468943164719687e-08 1.054948704659084188e-07 9.522529469967272136e-08 6.166845993540260171e-08 6.246625687550778671e-08 6.432259734515856103e-08 7.027540781385869640e-08 1.082049102359781641e-07 1.105588198821751228e-07 1.080291922059317245e-07 1.108545003818001623e-07 6.686983989161174950e-08 7.473892265014990606e-08 9.637717967281185315e-08 1.014703840290955268e-07 7.230931877578016975e-08 1.094758486309404940e-07 1.070277797004344434e-07 7.486146059161450191e-08 7.777198276157872216e-08 1.085889940513274688e-07 1.052958636162306550e-07 1.032207942272319956e-07 1.082096479277455959e-07 9.580715066217861466e-08 1.070180053555301987e-07 1.081530800318982431e-07 5.811381891721514754e-08 7.378696981137173946e-08 6.513532315267510892e-08 6.940572620865520267e-08 7.864544430439442825e-08 5.952178036060331114e-08 5.971228182725897552e-08 1.075893880902065234e-07 6.193886846991595304e-08 6.539078641638449357e-08 1.074467649731729615e-07 1.001153256957030413e-07
1.177263748918106355e-06 1.166425382771793261e-06 3.289483992774269079e-07 5.269247939887992952e-07 4.160259299128070703e-07 8.573579955181944566e-08 1.248805792323776656e-07 1.064881188147389144e-07 1.082049102359781641e-07 2.053499748739545999e-06 2.181243075642790063e-06 1.406294947375899008e-06 7.975779869917040295e-07 1.497256706501998752e-07 2.237249530405601874e-07 6.247979629739465955e-07 5.412818222657773713e-07 4.414573362574684309e-07 9.471392221123557239e-07 6.387817125250101547e-07 2.331090464734556911e-07 2.343234194421146018e-07 8.716511446805368364e-07 1.858491728881419874e-06 7.274861610201490165e-07 6.986862802529715483e-07 2.064240879431842198e-06 3.956240981779951141e-06 1.011527391243058557e-06 1.077247137638763459e-07 2.477343674451954030e-07 1.014135067432008879e-07 1.367295041688426589e-07 2.930920946625624179e-07 1.115408251703591109e-07 8.738433206806861001e-08 2.188191005283233366e-06 1.043697629077954491e-07 1.664014764358767110e-07 1.261121481295550738e-06 1.566955318415468291e-06
1.629734238190184669e-06 1.601805234358464334e-06 5.344956845002728414e-07 8.352496737555290862e-07 6.622826308701625415e-07 8.773759739217230576e-08 1.476034374233862409e-07 1.638745619553690690e-07 1.105588198821751228e-07 2.181243075642790063e-06 2.842891977418158500e-06 1.694474211304003706e-06 1.125017573070186773e-06 1.784564943006795028e-07 3.181509613182631193e-07 9.693215229704345460e-07 8.508277513031188371e-07 6.684552876628163520e-07 1.317998133215598711e-06 9.647282894565341065e-07 3.522385039620979317e-07 3.310914390288652029e-07 1.223988130429280093e-06 2.298955409657052202e-06 1.107169360027735023e-06 1.070030295965847336e-06 2.578675934568836120e-06 4.100320925225744378e-06 1.417365579274343327e-06 1.199066067691199614e-07 3.777983356948854516e-07 1.070123574085083107e-07 1.582820566981176255e-07 4.551261733282232693e-07 1.156216232502357642e-07 8.889543920353499669e-08 2.895806780391744169e-06 1.225353580984113914e-07 2.289840145249900731e-07 1.736910190390970034e-06 1.594833207725860895e-06
9.471047694050793643e-07 9.959251782842067943e-07 3.338554339197892159e-07 5.242992263693828638e-07 4.168054422141592784e-07 8.550128987725158409e-08 1.259127276828887746e-07 1.066353565365658940e-07 1.080291922059317245e-07 1.406294947375899008e-06 1.694474211304003706e-06 1.122769795360616957e-06 6.865533199857658128e-07 1.511847512447431922e-07 2.270860314304617262e-07 6.119314917905317301e-07 5.290660350093213615e-07 4.082579457163666680e-07 8.081559179284488184e-07 5.940106098505538470e-07 2.360994912648477835e-07 2.381288460093836410e-07 7.355713471530036153e-07 1.367395659116554756e-06 6.528107539625683063e-07 6.846147802692987886e-07 1.471066472807060738e-06 2.543820971036549524e-06 8.495738930483428605e-07 1.091427622682962668e-07 2.502983392284092316e-07 1.012929629272031734e-07 1.376273291774415120e-07 2.946259590490820032e-07 1.113900201659247149e-07 8.718752707399109837e-08 1.617792572154049613e-06 1.040438272178104555e-07 1.690453425556008186e-07 1.028710945954431846e-06 1.020350349376408733e-06
7.689460135372265205e-07 7.203099658547858941e-07 2.691675349633893030e-07 4.317935101150050028e-07 3.470974549876123654e-07 7.881463901241250888e-08 9.990233729758261443e-08 9.611502653208722360e-08 1.108545003818001623e-07 7.975779869917040295e-07 1.125017573070186773e-06 6.865533199857658128e-07 5.604823039613966257e-07 1.197246002729144390e-07 1.801460651463554892e-07 4.886170727369351385e-07 4.356535084345663691e-07 3.401371494221422237e-07 6.564454615242940491e-07 4.858516213580966550e-07 1.919270368570021745e-07 1.883522950176580722e-07 6.124410710455883364e-07 9.552461128472715579e-07 5.588699668161350482e-07 5.420150512748561824e-07 1.043604053920557775e-06 1.359468685085217527e-06 6.908909507745061942e-07 9.341004237593693310e-08 2.068358405334813765e-07 9.170218536944561483e-08 1.060620734214318202e-07 2.437358416371107455e-07 1.001632963609170827e-07 8.651157267184589718e-08 1.217265172171543286e-06 9.136923573694781520e-08 1.319736225368401577e-07 7.898755509035794710e-07 5.881470078497046790e-07
1.415902066050132330e-07 1.507767216497929556e-07 9.069999401086153288e-08 9.148034660436567785e-08 1.015565563448640430e-07 6.154902812837391774e-08 6.317746385014511427e-08 6.577574303328220120e-08 6.686983989161174950e-08 1.497256706501998752e-07 1.784564943006795028e-07 1.511847512447431922e-07 1.197246002729144390e-07 6.908262982500581720e-08 8.169489829619976384e-08 1.355084001706195340e-07 1.144134849656943642e-07 9.111448761373365430e-08 1.443931409656297554e-07 1.218809843434821299e-07 7.895209084509055519e-08 8.427383608449946893e-08 1.265357834190500384e-07 1.456376450898266326e-07 1.109872680554434606e-07 1.527937147538179571e-07 1.422620041944179056e-07 1.592340016497408010e-07 1.468855374925157482e-07 5.851166870076289218e-08 7.680829885840434239e-08 6.536450423682059578e-08 6.772724519943170738e-08 8.349549641746924750e-08 5.730033621213687193e-08 5.416064232550539406e-08 1.679916725596320885e-07 6.090920920369167417e-08 7.049644555232896705e-08 1.603496250335950400e-07 1.099043510191084731e-07
2.173434634663246467e-07 2.340894715052419584e-07 1.369174800293123976e-07 1.760825565754155604e-07 1.521259808477443511e-07 6.881151005967858344e-08 7.208393986561797762e-08 5.145009822329137020e-08 7.473892265014990606e-08 2.237249530405601874e-07 3.181509613182631193e-07 2.270860314304617262e-07 1.801460651463554892e-07 8.169489829619976384e-08 1.081536326964571231e-07 2.055267705202022116e-07 1.710359005230515584e-07 1.346653903034613394e-07 2.072283307704683029e-07 1.825929620780214956e-07 1.093146096192989619e-07 1.123991880202941880e-07 1.857272705247917093e-07 2.373740024890391300e-07 1.673934708445776963e-07 2.287888993933161250e-07 2.454812660768877069e-07 2.772034963613556870e-07 2.176942610437687443e-07 6.474791329156648237e-08 1.074002368937062672e-07 7.417962169156450479e-08 7.825299945540623409e-08 1.192531167548107129e-07 6.337126559234402399e-08 5.902253917867572440e-08 2.983748181356019792e-07 6.734017192535691034e-08 8.933789410121785800e-08 2.547884548073436012e-07 1.573235716837065376e-07
6.376516435632686248e-07 6.461347937757696818e-07 2.979280230397458532e-07 4.348129456982531482e-07 3.564984730840364306e-07 7.563764295861326288e-08 1.143171994569951443e-07 9.461159003744842056e-08 9.637717967281185315e-08 6.247979629739465955e-07 9.693215229704345460e-07 6.119314917905317301e-07 4.886170727369351385e-07 1.355084001706195340e-07 2.055267705202022116e-07 5.081294427743205937e-07 4.278618423795261675e-07 3.248689891764369715e-07 5.672905537502961603e-07 4.663897576131699047e-07 2.143750403582707682e-07 2.153794523933852991e-07 5.164969055681007051e-07 7.438672759648488425e-07 4.748728436015943043e-07 5.653778932090257923e-07 7.980007668338361192e-07 9.324406463150876978e-07 6.013185867064133480e-07 9.786191686877264948e-08 2.207234951430368982e-07 8.964329232290376058e-08 1.250603300353355830e-07 2.570997238415467615e-07 9.870036368391687143e-08 7.915305128050392761e-08 9.702743584860207273e-07 1.017138757028741501e-07 1.559625050303649758e-07 7.087752163836702256e-07 4.368930633179736639e-07
5.703106681176888925e-07 5.634957832811825783e-07 2.512257332798073154e-07 3.756481183007148093e-07 3.080481446382741596e-07 9.122535422050202389e-08 9.880380143959899087e-08 1.061182084310657717e-07 1.014703840290955268e-07 5.412818222657773713e-07 8.508277513031188371e-07 5.290660350093213615e-07 4.356535084345663691e-07 1.144134849656943642e-07 1.710359005230515584e-07 4.278618423795261675e-07 3.718523280226054685e-07 2.862586896710215979e-07 5.003069312285796187e-07 4.049203138703279144e-07 1.826307143950464365e-07 1.787284904627353049e-07 4.624415925046293627e-07 6.693731918935681425e-07 4.321085261894455057e-07 4.742491179516960718e-07 7.178845985664673356e-07 8.371847104419946253e-07 5.260424799775263768e-07 8.510237136333906996e-08 1.917658429674528228e-07 1.001180985237718177e-07 1.087013545434730964e-07 2.204040900906588116e-07 8.815509497006798457e-08 7.157402961711318802e-08 8.661962386183570001e-07 8.803867600738775621e-08 1.300872686481396700e-07 6.106869962253221788e-07 3.818944615374813384e-07
4.476976779004912705e-07 4.385514044440061249e-07 2.004847751493380390e-07 2.895715601814448459e-07 2.415664490857066001e-07 7.595808451398226379e-08 6.166963950574437716e-08 8.698593008978241499e-08 7.230931877578016975e-08 4.414573362574684309e-07 6.684552876628163520e-07 4.082579457163666680e-07 3.401371494221422237e-07 9.111448761373365430e-08 1.346653903034613394e-07 3.248689891764369715e-07 2.862586896710215979e-07 2.284693941616189213e-07 3.844495293210183569e-07 3.087479421634086509e-07 1.469801591279259874e-07 1.399727718812625762e-07 3.630683913685747614e-07 5.388442846428679922e-07 3.406962845901967222e-07 3.550271554564587229e-07 5.874381132998734418e-07 7.086710473737204574e-07 4.077322425064182274e-07 7.079557753007840145e-08 1.547167949459031746e-07 8.278221703850693775e-08 7.419550450392253083e-08 1.749882020429528255e-07 7.365342255395807845e-08 6.845667512334272866e-08 6.976992892185608335e-07 7.492936680819480547e-08 1.042605825399656918e-07 4.767588182917316360e-07 3.213399943763814945e-07
9.436863399185086142e-07 8.748235569956556542e-07 2.959892904002561655e-07 4.862148191111660549e-07 3.814795660883909711e-07 8.663520603527746711e-08 1.208277285479652221e-07 1.056465693836041930e-07 1.094758486309404940e-07 9.471392221123557239e-07 1.317998133215598711e-06 8.081559179284488184e-07 6.564454615242940491e-07 1.443931409656297554e-07 2.072283307704683029e-07 5.672905537502961603e-07 5.003069312285796187e-07 3.844495293210183569e-07 8.184863896760664897e-07 5.696184519234309057e-07 2.124162138764264392e-07 2.178718568876567408e-07 7.442912441019372545e-07 1.147255295888496424e-06 6.595570158608971124e-07 6.381251664627936014e-07 1.256587889196445334e-06 1.601721563333078161e-06 8.556526339347131768e-07 1.057426818111121761e-07 2.271947854736075452e-07 1.019437129837983978e-07 1.330569526602233871e-07 2.709734933050134563e-07 1.117625505479701661e-07 8.806208293819909445e-08 1.468497436699268067e-06 1.054420197683236960e-07 1.544492209822320444e-07 9.629494798414395052e-07 6.883200687663226657e-07
6.524544641226614775e-07 6.360476034931784962e-07 2.691038062604355095e-07 4.057993878089311758e-07 3.303555219176779896e-07 7.216757497181916913e-08 1.043346173861286126e-07 8.935404651423426017e-08 1.070277797004344434e-07 6.387817125250101547e-07 9.647282894565341065e-07 5.940106098505538470e-07 4.858516213580966550e-07 1.218809843434821299e-07 1.825929620780214956e-07 4.663897576131699047e-07 4.049203138703279144e-07 3.087479421634086509e-07 5.696184519234309057e-07 4.452012635417615502e-07 1.932565951546418601e-07 1.912406513280800170e-07 5.243615868803524715e-07 7.776445316918498862e-07 4.826373679304316693e-07 5.174587426716961399e-07 8.450723523425818847e-07 1.018009629628540083e-06 6.018681670860795613e-07 9.063131643222259014e-08 2.019745622504569021e-07 8.548740537109370032e-08 1.157601731497247908e-07 2.357912458065377171e-07 9.399838334255793012e-08 7.660348586436968694e-08 1.006264226606730378e-06 9.422118479348164451e-08 1.378063324527477361e-07 6.956975388973462067e-07 4.529936010678036324e-07
2.323393930107299980e-07 2.472312207109148612e-07 1.469249324754126655e-07 1.889043074374602082e-07 1.650753235542431923e-07 6.741003960383435817e-08 7.108197679125785903e-08 7.566948362037020547e-08 7.486146059161450191e-08 2.331090464734556911e-07 3.522385039620979317e-07 2.360994912648477835e-07 1.919270368570021745e-07 7.895209084509055519e-08 1.093146096192989619e-07 2.143750403582707682e-07 1.826307143950464365e-07 1.469801591279259874e-07 2.124162138764264392e-07 1.932565951546418601e-07 1.155654097980388320e-07 1.132256305366726957e-07 1.965189636905776363e-07 2.608200142536862883e-07 1.850834435837444115e-07 2.351619837603433764e-07 2.741125331173734490e-07 3.101192573624245184e-07 2.261932885981448145e-07 6.268038161323796558e-08 1.148521666369904501e-07 7.322651257285981830e-08 7.778940777042854811e-08 1.271779899162216842e-07 6.253874730565510518e-08 6.030903475889611697e-08 3.335848369437517944e-07 6.623286600832600154e-08 8.958746967155797626e-08 2.674253500194256682e-07 1.661465673463588955e-07
2.277272209510155479e-07 2.451033086676005318e-07 1.419576377843614954e-07 1.842522651632756421e-07 1.586443704223418968e-07 7.115327724930338338e-08 7.454921487073409058e-08 7.936069446969027126e-08 7.777198276157872216e-08 2.343234194421146018e-07 3.310914390288652029e-07 2.381288460093836410e-07 1.883522950176580722e-07 8.427383608449946893e-08 1.123991880202941880e-07 2.153794523933852991e-07 1.787284904627353049e-07 1.399727718812625762e-07 2.178718568876567408e-07 1.912406513280800170e-07 1.132256305366726957e-07 1.171258771693571074e-07 1.944999285204155123e-07 2.479013519418508942e-07 1.756180391722384196e-07 2.403617364425053249e-07 2.548556605883457765e-07 2.884595365747634058e-07 2.285012875221518437e-07 6.661918151770405314e-08 1.112861785375718474e-07 7.693660615986591089e-08 8.131161139608126063e-08 1.239809271180424356e-07 6.597683595691872287e-08 6.102136404647996469e-08 3.102250968854650996e-07 6.964675013666534608e-08 9.243449379671678876e-08 2.666837673470905002e-07 1.647196309078042159e-07
8.748572566007667327e-07 8.013797420622786902e-07 2.752751533983229683e-07 4.517691743922090204e-07 3.585940658765532753e-07 8.136965938562415086e-08 1.025222169817363049e-07 9.896009300905588129e-08 1.085889940513274688e-07 8.716511446805368364e-07 1.223988130429280093e-06 7.355713471530036153e-07 6.124410710455883364e-07 1.265357834190500384e-07 1.857272705247917093e-07 5.164969055681007051e-07 4.624415925046293627e-07 3.630683913685747614e-07 7.442912441019372545e-07 5.243615868803524715e-07 1.965189636905776363e-07 1.944999285204155123e-07 6.903214159395721979e-07 1.070517732944916827e-06 6.174808843242740948e-07 5.753958543607938155e-07 1.182021865179280328e-06 1.505712507315340192e-06 7.832373410022387151e-07 9.489742039108180286e-08 2.131001022099202499e-07 9.482823543958483354e-08 1.223182149916370679e-07 2.509441156987084724e-07 1.038788230553416055e-07 8.383437695388745939e-08 1.377566942174540977e-06 9.985845814475057239e-08 1.368118934365842896e-07 8.839807306857118229e-07 6.421642775929592517e-07
1.426288531997190091e-06 1.314757884159615526e-06 3.873998482087571653e-07 6.434405675526353590e-07 5.036671285034646518e-07 8.354130951087524576e-08 1.222786096931331922e-07 1.085928803581094760e-07 1.052958636162306550e-07 1.858491728881419874e-06 2.298955409657052202e-06 1.367395659116554756e-06 9.552461128472715579e-07 1.456376450898266326e-07 2.373740024890391300e-07 7.438672759648488425e-07 6.693731918935681425e-07 5.388442846428679922e-07 1.147255295888496424e-06 7.776445316918498862e-07 2.608200142536862883e-07 2.479013519418508942e-07 1.070517732944916827e-06 2.036075249987633828e-06 9.444129969416608606e-07 8.192777186822987986e-07 2.247789966797411767e-06 3.569549779420332613e-06 1.224264458569821408e-06 1.041357956486072318e-07 2.885945483441494858e-07 9.922785319925759521e-08 1.344577851699265217e-07 3.449458065189878417e-07 1.078882162564022422e-07 8.569794141662917118e-08 2.514690684815660455e-06 1.080139673161114813e-07 1.714661575611526526e-07 1.472881164837682741e-06 1.411119299093794656e-06
7.757758348940621797e-07 7.176634603394229763e-07 2.623695386066870353e-07 4.254393065142232206e-07 3.409346746486876729e-07 8.947269344369913260e-08 9.181665281086698543e-08 8.929380499460807887e-08 1.032207942272319956e-07 7.274861610201490165e-07 1.107169360027735023e-06 6.528107539625683063e-07 5.588699668161350482e-07 1.109872680554434606e-07 1.673934708445776963e-07 4.748728436015943043e-07 4.321085261894455057e-07 3.406962845901967222e-07 6.595570158608971124e-07 4.826373679304316693e-07 1.850834435837444115e-07 1.756180391722384196e-07 6.174808843242740948e-07 9.444129969416608606e-07 5.783492938503072758e-07 5.224968015761454740e-07 1.036288376256786200e-06 1.256189994869634174e-06 6.969624975052581910e-07 8.415760787108149183e-08 2.021008994656566227e-07 9.848706996108523138e-08 9.837691651751013930e-08 2.375802764699667373e-07 9.152413451260936031e-08 8.004248785757604847e-08 1.217725955439372960e-06 8.858172889630270778e-08 1.241796002401792850e-07 7.799004682759099108e-07 5.323778486667805068e-07
7.079942935663946107e-07 7.208197359838890765e-07 3.263360272295824405e-07 4.812215663786669592e-07 3.919000104956296214e-07 8.574062449233060737e-08 1.267225508130029996e-07 1.062857900571147125e-07 1.082096479277455959e-07 6.986862802529715483e-07 1.070030295965847336e-06 6.846147802692987886e-07 5.420150512748561824e-07 1.527937147538179571e-07 2.287888993933161250e-07 5.653778932090257923e-07 4.742491179516960718e-07 3.550271554564587229e-07 6.381251664627936014e-07 5.174587426716961399e-07 2.351619837603433764e-07 2.403617364425053249e-07 5.753958543607938155e-07 8.192777186822987986e-07 5.224968015761454740e-07 6.376993480742019027e-07 8.746055277307263187e-07 1.021043533488425132e-06 6.736692937325706318e-07 1.095108826923400769e-07 2.404146185061846027e-07 1.016777982811799594e-07 1.391003781894235029e-07 2.821146924611383450e-07 1.116597250069583925e-07 8.773696545510886250e-08 1.062551464962488315e-06 1.044108725349184387e-07 1.719244376040016404e-07 7.890838110936383570e-07 4.751425542526128644e-07
1.604276876412363604e-06 1.455420982899007690e-06 4.166377900814716862e-07 6.873023964122720877e-07 5.358752794811360276e-07 7.495731113650193099e-08 1.204391737602375899e-07 1.333195232882497279e-07 9.580715066217861466e-08 2.064240879431842198e-06 2.578675934568836120e-06 1.471066472807060738e-06 1.043604053920557775e-06 1.422620041944179056e-07 2.454812660768877069e-07 7.980007668338361192e-07 7.178845985664673356e-07 5.874381132998734418e-07 1.256587889196445334e-06 8.450723523425818847e-07 2.741125331173734490e-07 2.548556605883457765e-07 1.182021865179280328e-06 2.247789966797411767e-06 1.036288376256786200e-06 8.746055277307263187e-07 2.587478123919597571e-06 4.036057971896607558e-06 1.357430322158120725e-06 9.955266748508445425e-08 3.053643485556408275e-07 8.887864221829735401e-08 1.285671830347484856e-07 3.648361501685550436e-07 9.786046440930110992e-08 7.684557969730046503e-08 2.883089965093909162e-06 1.024032286684624146e-07 1.772786128796425552e-07 1.645841653387845362e-06 1.572404872337165769e-06
2.118569553706050577e-06 2.047169027995099016e-06 4.737920541889248713e-07 7.926163253108730256e-07 6.155195263594486714e-07 8.482098737472272526e-08 1.340441789878003895e-07 1.174483644424417481e-07 1.070180053555301987e-07 3.956240981779951141e-06 4.100320925225744378e-06 2.543820971036549524e-06 1.359468685085217527e-06 1.592340016497408010e-07 2.772034963613556870e-07 9.324406463150876978e-07 8.371847104419946253e-07 7.086710473737204574e-07 1.601721563333078161e-06 1.018009629628540083e-06 3.101192573624245184e-07 2.884595365747634058e-07 1.505712507315340192e-06 3.569549779420332613e-06 1.256189994869634174e-06 1.021043533488425132e-06 4.036057971896607558e-06 8.005943660809596059e-06 1.735453934263848985e-06 1.100746382334712201e-07 3.464552279574358476e-07 1.021776606678694127e-07 1.455418629366416972e-07 4.172866625777803518e-07 1.103789018894434999e-07 8.713570548051788218e-08 4.215881985410434821e-06 1.105545568804959802e-07 1.982096933463148972e-07 2.230912676504611755e-06 3.060789456290970070e-06
1.002551318656954046e-06 9.284658155978582620e-07 3.186660850182213398e-07 5.125914925511085656e-07 4.054043966532186556e-07 8.582175572452683394e-08 1.228618366664672737e-07 1.060579276518812636e-07 1.081530800318982431e-07 1.011527391243058557e-06 1.417365579274343327e-06 8.495738930483428605e-07 6.908909507745061942e-07 1.468855374925157482e-07 2.176942610437687443e-07 6.013185867064133480e-07 5.260424799775263768e-07 4.077322425064182274e-07 8.556526339347131768e-07 6.018681670860795613e-07 2.261932885981448145e-07 2.285012875221518437e-07 7.832373410022387151e-07 1.224264458569821408e-06 6.969624975052581910e-07 6.736692937325706318e-07 1.357430322158120725e-06 1.735453934263848985e-06 9.038714325318272778e-07 1.062577451757317012e-07 2.412768477289915455e-07 1.013270531923799345e-07 1.348934029367433893e-07 2.851502587889828332e-07 1.110730333217619477e-07 8.749289524030928651e-08 1.587259827985518488e-06 1.093003214652232302e-07 1.617643173253241034e-07 1.031622454911063904e-06 7.349907001222006928e-07
1.026571934258333761e-07 1.074177139545005508e-07 6.923482915485256428e-08 8.711382023301716626e-08 7.754329609844053791e-08 5.330958589672793581e-08 5.404639781590893057e-08 5.553389330554721901e-08 5.811381891721514754e-08 1.077247137638763459e-07 1.199066067691199614e-07 1.091427622682962668e-07 9.341004237593693310e-08 5.851166870076289218e-08 6.474791329156648237e-08 9.786191686877264948e-08 8.510237136333906996e-08 7.079557753007840145e-08 1.057426818111121761e-07 9.063131643222259014e-08 6.268038161323796558e-08 6.661918151770405314e-08 9.489742039108180286e-08 1.041357956486072318e-07 8.415760787108149183e-08 1.095108826923400769e-07 9.955266748508445425e-08 1.100746382334712201e-07 1.062577451757317012e-07 5.134905894883477733e-08 6.181029863063857284e-08 5.572191665324909431e-08 5.752494637043996964e-08 6.513808413479825027e-08 5.007155435667344769e-08 4.890502210399881171e-08 1.146179600522403747e-07 5.320241348953291608e-08 5.784813475597910171e-08 1.120963146749272220e-07 8.355910009314199887e-08
2.518735740463314177e-07 2.622073336368428632e-07 1.489913905467488610e-07 1.976925370811372961e-07 1.673865903561304601e-07 6.611682034359682848e-08 6.996492677994537132e-08 7.397059137765670010e-08 7.378696981137173946e-08 2.477343674451954030e-07 3.777983356948854516e-07 2.502983392284092316e-07 2.068358405334813765e-07 7.680829885840434239e-08 1.074002368937062672e-07 2.207234951430368982e-07 1.917658429674528228e-07 1.547167949459031746e-07 2.271947854736075452e-07 2.019745622504569021e-07 1.148521666369904501e-07 1.112861785375718474e-07 2.131001022099202499e-07 2.885945483441494858e-07 2.021008994656566227e-07 2.404146185061846027e-07 3.053643485556408275e-07 3.464552279574358476e-07 2.412768477289915455e-07 6.181029863063857284e-08 1.164032702190556508e-07 7.154700535821361190e-08 7.643312550700068649e-08 1.294649537610887921e-07 6.277773323276230370e-08 6.060116896253864980e-08 3.693262502616419011e-07 6.535330786605650476e-08 8.657647777368202847e-08 2.827336391606368436e-07 1.790019767229265229e-07
9.783049501194475820e-08 1.004670991771270936e-07 8.196437029221772187e-08 8.484966264033569282e-08 9.145679520582205172e-08 5.921560392885761523e-08 6.027521354647943311e-08 6.252320242953729131e-08 6.513532315267510892e-08 1.014135067432008879e-07 1.070123574085083107e-07 1.012929629272031734e-07 9.170218536944561483e-08 6.536450423682059578e-08 7.417962169156450479e-08 8.964329232290376058e-08 1.001180985237718177e-07 8.278221703850693775e-08 1.019437129837983978e-07 8.548740537109370032e-08 7.322651257285981830e-08 7.693660615986591089e-08 9.482823543958483354e-08 9.922785319925759521e-08 9.848706996108523138e-08 1.016777982811799594e-07 8.887864221829735401e-08 1.021776606678694127e-07 1.013270531923799345e-07 5.572191665324909431e-08 7.154700535821361190e-08 6.257140097165258364e-08 6.460516702152352949e-08 7.630248000726768636e-08 5.620308619161900745e-08 5.436556305926389917e-08 1.029949484292389621e-07 5.862651426997245223e-08 6.569740781409109805e-08 1.015021964755703019e-07 8.088226534247875800e-08
1.310872460186197762e-07 1.378174266375951102e-07 8.803653461242391862e-08 1.000955516393215535e-07 8.891535979134114414e-08 6.097709160102251445e-08 6.222452964151685530e-08 6.451280549776102648e-08 6.940572620865520267e-08 1.367295041688426589e-07 1.582820566981176255e-07 1.376273291774415120e-07 1.060620734214318202e-07 6.772724519943170738e-08 7.825299945540623409e-08 1.250603300353355830e-07 1.087013545434730964e-07 7.419550450392253083e-08 1.330569526602233871e-07 1.157601731497247908e-07 7.778940777042854811e-08 8.131161139608126063e-08 1.223182149916370679e-07 1.344577851699265217e-07 9.837691651751013930e-08 1.391003781894235029e-07 1.285671830347484856e-07 1.455418629366416972e-07 1.348934029367433893e-07 5.752494637043996964e-08 7.643312550700068649e-08 6.460516702152352949e-08 6.812705901105456161e-08 8.293851269419908914e-08 5.877478253488881100e-08 5.757245773537201278e-08 1.503091913644187773e-07 6.075036642161540304e-08 6.771329724972035856e-08 1.444636089666685655e-07 1.068597646162078230e-07
3.000755005177933641e-07 3.098335355218404561e-07 1.670495403024934145e-07 2.271880958999061034e-07 1.944633132018597663e-07 7.042032103856262185e-08 7.496596749617299824e-08 7.967733295547120961e-08 7.864544430439442825e-08 2.930920946625624179e-07 4.551261733282232693e-07 2.946259590490820032e-07 2.437358416371107455e-07 8.349549641746924750e-08 1.192531167548107129e-07 2.570997238415467615e-07 2.204040900906588116e-07 1.749882020429528255e-07 2.709734933050134563e-07 2.357912458065377171e-07 1.271779899162216842e-07 1.239809271180424356e-07 2.509441156987084724e-07 3.449458065189878417e-07 2.375802764699667373e-07 2.821146924611383450e-07 3.648361501685550436e-07 4.172866625777803518e-07 2.851502587889828332e-07 6.513808413479825027e-08 1.294649537610887921e-07 7.630248000726768636e-08 8.293851269419908914e-08 1.453786356006198865e-07 6.732806117567488674e-08 6.326902726691964380e-08 4.428281088176148788e-07 6.882409046762840465e-08 9.478272945644757151e-08 3.358675432988397719e-07 2.088713456088366140e-07
1.072009076748115499e-07 1.094354093740545024e-07 6.822991293546998430e-08 9.190440499338828614e-08 8.233468298546397887e-08 5.173656043985624941e-08 5.293261879240656055e-08 5.517055373045543673e-08 5.952178036060331114e-08 1.115408251703591109e-07 1.156216232502357642e-07 1.113900201659247149e-07 1.001632963609170827e-07 5.730033621213687193e-08 6.337126559234402399e-08 9.870036368391687143e-08 8.815509497006798457e-08 7.365342255395807845e-08 1.117625505479701661e-07 9.399838334255793012e-08 6.253874730565510518e-08 6.597683595691872287e-08 1.038788230553416055e-07 1.078882162564022422e-07 9.152413451260936031e-08 1.116597250069583925e-07 9.786046440930110992e-08 1.103789018894434999e-07 1.110730333217619477e-07 5.007155435667344769e-08 6.277773323276230370e-08 5.620308619161900745e-08 5.877478253488881100e-08 6.732806117567488674e-08 5.713113527958241206e-08 5.245821130401047782e-08 1.116404743425358205e-07 5.302139972333261322e-08 5.310567974389104174e-08 1.112753824485703630e-07 8.915577511714419222e-08
8.509719594731527252e-08 8.686575110204076392e-08 6.498379108761776732e-08 7.995841063355995713e-08 6.979136877451405363e-08 5.160268695044597034e-08 5.220599661758603849e-08 5.322818238955988596e-08 5.971228182725897552e-08 8.738433206806861001e-08 8.889543920353499669e-08 8.718752707399109837e-08 8.651157267184589718e-08 5.416064232550539406e-08 5.902253917867572440e-08 7.915305128050392761e-08 7.157402961711318802e-08 6.845667512334272866e-08 8.806208293819909445e-08 7.660348586436968694e-08 6.030903475889611697e-08 6.102136404647996469e-08 8.383437695388745939e-08 8.569794141662917118e-08 8.004248785757604847e-08 8.773696545510886250e-08 7.684557969730046503e-08 8.713570548051788218e-08 8.749289524030928651e-08 4.890502210399881171e-08 6.060116896253864980e-08 5.436556305926389917e-08 5.757245773537201278e-08 6.326902726691964380e-08 5.245821130401047782e-08 5.418401933916672923e-08 8.678885173901524199e-08 5.242100031143218047e-08 5.230461237822779866e-08 8.671452322969120420e-08 7.365527789299035339e-08
1.857736280711401071e-06 1.667954970100582072e-06 5.105138711969950314e-07 8.318597044225723203e-07 6.504998355756044076e-07 8.500068143209980473e-08 1.404612585531429142e-07 1.576943113626786753e-07 1.075893880902065234e-07 2.188191005283233366e-06 2.895806780391744169e-06 1.617792572154049613e-06 1.217265172171543286e-06 1.679916725596320885e-07 2.983748181356019792e-07 9.702743584860207273e-07 8.661962386183570001e-07 6.976992892185608335e-07 1.468497436699268067e-06 1.006264226606730378e-06 3.335848369437517944e-07 3.102250968854650996e-07 1.377566942174540977e-06 2.514690684815660455e-06 1.217725955439372960e-06 1.062551464962488315e-06 2.883089965093909162e-06 4.215881985410434821e-06 1.587259827985518488e-06 1.146179600522403747e-07 3.693262502616419011e-07 1.029949484292389621e-07 1.503091913644187773e-07 4.428281088176148788e-07 1.116404743425358205e-07 8.678885173901524199e-08 3.280078863234972265e-06 1.173562682523154729e-07 2.138409566395833699e-07 1.912567263558836820e-06 1.656463417083999098e-06
1.051766500732849766e-07 1.088587103993095847e-07 7.279753077351758482e-08 9.192345212268813698e-08 8.241254490617041701e-08 5.592045730897043194e-08 5.666008505511475612e-08 5.817400273586543420e-08 6.193886846991595304e-08 1.043697629077954491e-07 1.225353580984113914e-07 1.040438272178104555e-07 9.136923573694781520e-08 6.090920920369167417e-08 6.734017192535691034e-08 1.017138757028741501e-07 8.803867600738775621e-08 7.492936680819480547e-08 1.054420197683236960e-07 9.422118479348164451e-08 6.623286600832600154e-08 6.964675013666534608e-08 9.985845814475057239e-08 1.080139673161114813e-07 8.858172889630270778e-08 1.044108725349184387e-07 1.024032286684624146e-07 1.105545568804959802e-07 1.093003214652232302e-07 5.320241348953291608e-08 6.535330786605650476e-08 5.862651426997245223e-08 6.075036642161540304e-08 6.882409046762840465e-08 5.302139972333261322e-08 5.242100031143218047e-08 1.173562682523154729e-07 5.598858649059235726e-08 5.951506081337463047e-08 1.117627853144639270e-07 8.612477729561842637e-08
1.600310536352223987e-07 1.737540909989682555e-07 1.085706355164802448e-07 1.331691076843979996e-07 1.156770200403703353e-07 6.129467839014967916e-08 6.336370502408340927e-08 6.733064490974376095e-08 6.539078641638449357e-08 1.664014764358767110e-07 2.289840145249900731e-07 1.690453425556008186e-07 1.319736225368401577e-07 7.049644555232896705e-08 8.933789410121785800e-08 1.559625050303649758e-07 1.300872686481396700e-07 1.042605825399656918e-07 1.544492209822320444e-07 1.378063324527477361e-07 8.958746967155797626e-08 9.243449379671678876e-08 1.368118934365842896e-07 1.714661575611526526e-07 1.241796002401792850e-07 1.719244376040016404e-07 1.772786128796425552e-07 1.982096933463148972e-07 1.617643173253241034e-07 5.784813475597910171e-08 8.657647777368202847e-08 6.569740781409109805e-08 6.771329724972035856e-08 9.478272945644757151e-08 5.310567974389104174e-08 5.230461237822779866e-08 2.138409566395833699e-07 5.951506081337463047e-08 7.741967883194955132e-08 1.896473316460887672e-07 1.190959844983848867e-07
