2.715227683165372179e-06 2.770522674726129444e-06 1.225959461173686440e-06 1.578859571999669790e-06 1.702916268339130148e-06 2.840196439676825734e-07 6.284448208606094518e-07 8.680355151763979653e-07 1.361943196770720286e-07 3.279312187241381460e-06 2.708816349527824475e-06 2.637756907223936486e-06 2.350562500462966096e-06 4.919268693452023050e-07 9.123849938068961072e-07 1.511638481695259040e-06 1.948728824245158046e-06 1.337558332215033877e-06 2.435901752185082466e-06 2.122348420373477878e-06 9.394256317175860592e-07 1.336012284485682005e-06 2.316416184916942190e-06 2.929788477868595348e-06 2.125578100480342004e-06 1.790054175871983701e-06 2.700060189485609596e-06 4.194584067130802586e-06 2.507217995742255878e-06 3.916907363844240024e-07 1.011015272772224332e-06 8.083369614171552411e-07 5.115637715211257750e-07 8.635755763021994390e-07 3.339452191807199492e-07 9.041772917574772198e-08 2.306496430763893097e-06 3.738748193741365799e-07 6.844240742796194909e-07 2.672633648186695083e-06 2.603005524196488379e-06
2.770522674726129444e-06 3.511742353026920809e-06 1.520482806428581077e-06 1.827787809752058349e-06 2.010092464753766798e-06 3.026975457020557597e-07 7.066965369012607140e-07 1.071678900943076059e-06 1.367973037714079048e-07 3.082958885543026256e-06 3.152884342207160199e-06 3.013179132372414037e-06 2.571412296137504138e-06 5.576595046983071232e-07 1.100616538055721592e-06 1.834375583713262738e-06 2.272292433958714888e-06 1.631572609817651524e-06 2.693299699353318171e-06 2.429368452888534489e-06 1.142012119156514170e-06 1.725059600775669357e-06 2.642151493544732812e-06 3.045847628740043896e-06 2.321549988607248285e-06 2.048784606407261950e-06 3.032274880827354361e-06 4.457405525008839968e-06 2.725000848715264970e-06 4.411058786239011096e-07 1.253177696935386857e-06 9.913328872854788104e-07 5.896992063302434535e-07 1.053012927120565089e-06 3.448235076574784644e-07 9.042098427619640826e-08 2.659358208198936616e-06 4.074595098418390366e-07 7.970326306699851101e-07 3.041050234323169842e-06 3.050620250814853785e-06
1.225959461173686440e-06 1.520482806428581077e-06 9.697428321036839825e-07 1.047124233863011401e-06 1.100741486086814563e-06 2.227106332010697468e-07 4.432071630677616185e-07 6.552752181732638646e-07 1.283155870976032687e-07 1.216932804360766724e-06 1.437377062365930946e-06 1.352697538435469960e-06 1.206077071527031232e-06 3.740020214117072060e-07 7.027479742490503700e-07 1.052835762361941019e-06 1.164668520407473449e-06 9.300686215053496932e-07 1.247030953622370196e-06 1.198380185559748221e-06 7.098842011318187020e-07 9.403315932516413771e-07 1.272503687610831484e-06 1.317155820424318721e-06 1.154790688668980309e-06 1.073024778253202954e-06 1.360065426993211200e-06 1.914243653570126955e-06 1.273103911352597618e-06 2.807496096921459125e-07 7.488857179650602178e-07 5.762667376946157543e-07 3.621349985057919064e-07 6.700595827589616097e-07 2.724687991120516476e-07 8.886795698361969465e-08 1.312356452171236949e-06 2.831198260597287541e-07 5.075475071147300549e-07 1.402722193008364309e-06 1.476872095590214138e-06
1.578859571999669790e-06 1.827787809752058349e-06 1.047124233863011401e-06 1.258825980409977637e-06 1.333889363427504630e-06 2.521072181312845140e-07 5.166215797730288303e-07 7.103569808674789657e-07 1.335289648696204101e-07 1.609797542956497774e-06 1.745862516250306136e-06 1.649895594716133934e-06 1.529973759646472868e-06 4.184258832455730261e-07 7.724119995924329664e-07 1.218649153087582116e-06 1.360298979859042101e-06 1.060953337227548958e-06 1.595343719156122871e-06 1.468715946266128908e-06 7.792260999051414265e-07 1.044116369261812450e-06 1.562047643118841649e-06 1.665463376698771797e-06 1.427956999322755660e-06 1.287462322062495224e-06 1.706513583389829682e-06 2.398190144537096818e-06 1.591199940953656927e-06 3.257992093952382341e-07 8.296140524417390209e-07 6.310703192771673830e-07 4.243879799145186874e-07 7.313171867034153045e-07 3.064299532517943210e-07 9.041687112891811364e-08 1.601108148279792479e-06 3.244990929432761815e-07 5.705631160972434280e-07 1.757561665548998133e-06 1.734005100174349993e-06
1.702916268339130148e-06 2.010092464753766798e-06 1.100741486086814563e-06 1.333889363427504630e-06 1.446080102173442743e-06 2.714252947244454336e-07 5.662641546237103519e-07 7.859375847671097038e-07 1.361192883544517252e-07 1.724418329408824322e-06 1.933169468698531311e-06 1.801546973147848608e-06 1.671188214322167080e-06 4.551655664686257177e-07 8.356589647931086135e-07 1.326418670959672111e-06 1.501878168331662710e-06 1.151288241636466598e-06 1.749317038572117709e-06 1.622135788318225103e-06 8.586252610611584998e-07 1.177484416891471430e-06 1.712980387240472499e-06 2.027977797918582384e-06 1.554456843565072137e-06 1.408636831478358083e-06 1.890970397379822764e-06 2.543746858284704961e-06 1.742129579387058963e-06 3.619053650241472262e-07 8.888570448284818707e-07 7.092823683341725199e-07 4.693048518613942534e-07 7.793623375636763579e-07 3.254742834805208786e-07 9.048164972878037135e-08 1.743195327013748173e-06 3.526177783105427430e-07 6.305184295074492623e-07 1.930965314803625454e-06 1.901689743551633911e-06
2.840196439676825734e-07 3.026975457020557597e-07 2.227106332010697468e-07 2.521072181312845140e-07 2.714252947244454336e-07 1.153439091213358595e-07 1.806880947356123606e-07 2.071450131518068467e-07 6.950894242379401451e-08 2.888420443893743630e-07 3.088066309865794299e-07 2.967510320633717147e-07 2.916946304180855104e-07 1.631117128905192209e-07 2.145233020500021333e-07 2.634394381479753404e-07 2.799473486314876564e-07 2.318206241791027950e-07 2.981364542522290437e-07 2.940259128349445036e-07 2.217398643456452494e-07 2.478451416434083332e-07 2.932360942955262116e-07 3.026414086564103937e-07 2.840639338031249730e-07 2.729202336238915765e-07 3.078339943834752214e-07 3.103285740400538212e-07 2.965519948537595260e-07 1.320827286140043085e-07 1.876391651426923547e-07 1.948704317091521290e-07 1.573212522511375634e-07 1.822142989599011615e-07 1.217068917254422619e-07 6.628260467042891190e-08 2.873064032628759585e-07 1.333406810754236090e-07 1.944699607196011359e-07 3.043849973893445155e-07 2.953356485247437784e-07
6.284448208606094518e-07 7.066965369012607140e-07 4.432071630677616185e-07 5.166215797730288303e-07 5.662641546237103519e-07 1.806880947356123606e-07 3.287220747049732408e-07 4.113247936807601439e-07 1.090265861614647634e-07 6.146207299895602478e-07 7.100859947574207802e-07 6.570868063267708294e-07 6.318926026549771116e-07 2.867219348773361236e-07 4.056438023029457795e-07 5.471369091153446836e-07 6.066325763894893076e-07 4.746334822594688372e-07 6.545672623107076579e-07 6.385645193578031842e-07 4.329397982843352683e-07 5.325105378503757472e-07 6.471232317064420031e-07 6.756659502163610013e-07 6.122292407307892355e-07 5.729145095617475499e-07 7.012145097623409436e-07 7.364142746877816017e-07 6.505281252232988658e-07 2.216991099769920250e-07 3.742786740267581360e-07 3.849470615101430581e-07 2.769302961906909332e-07 3.445591091673180247e-07 2.115539126076968146e-07 7.955809587253397654e-08 6.329262865129502002e-07 2.198735486497099011e-07 3.620562872993114584e-07 6.915539623114884726e-07 6.994538831828152634e-07
8.680355151763979653e-07 1.071678900943076059e-06 6.552752181732638646e-07 7.103569808674789657e-07 7.859375847671097038e-07 2.071450131518068467e-07 4.113247936807601439e-07 5.654579553223200468e-07 1.230388449074585413e-07 8.473514078278521467e-07 1.042692819198568965e-06 9.522919136366974780e-07 8.825657639293214871e-07 3.534020925225648469e-07 5.537364484712325527e-07 7.672546943023920581e-07 8.705747073232215467e-07 6.759635648963776296e-07 9.151097271437713050e-07 8.943680064611604712e-07 5.892332799050524005e-07 7.618668048883560113e-07 9.259446151544911370e-07 9.658209963121763901e-07 8.342356690379164739e-07 8.003888087769420822e-07 1.011130784232827772e-06 1.162375260310349187e-06 9.184751039921854633e-07 2.633504515791230242e-07 5.386573748972778670e-07 5.241599898696658955e-07 3.416803932511210449e-07 4.836059688349329352e-07 2.515059122331472488e-07 8.734527801832354104e-08 9.116575467859768445e-07 2.624502566762080009e-07 4.621516155225989743e-07 1.003701300227886034e-06 1.032458846122737051e-06
1.361943196770720286e-07 1.367973037714079048e-07 1.283155870976032687e-07 1.335289648696204101e-07 1.361192883544517252e-07 6.950894242379401451e-08 1.090265861614647634e-07 1.230388449074585413e-07 6.974261567100771936e-08 1.377365397109706897e-07 1.378667069746274678e-07 1.378528791301777092e-07 1.374912426943296369e-07 1.083794540368559782e-07 1.227159803732417119e-07 1.347236461659166505e-07 1.356641433806668294e-07 1.238834498609105886e-07 1.376564419748089363e-07 1.377799210591153408e-07 1.255405123960207541e-07 1.276752797804616796e-07 1.374737850433940455e-07 1.378576601755383670e-07 1.375453225184964041e-07 1.354891742893111960e-07 1.378747537005836368e-07 1.378751873082214711e-07 1.377358642571698631e-07 7.486920531506840630e-08 1.077295135764676013e-07 1.170876901914183914e-07 9.922836423938551715e-08 1.095153394138910795e-07 9.033462551160263016e-08 5.894169225083908009e-08 1.347365557180515325e-07 7.649710693398780186e-08 1.179931412700449282e-07 1.378064784591095625e-07 1.362872056290805278e-07
3.279312187241381460e-06 3.082958885543026256e-06 1.216932804360766724e-06 1.609797542956497774e-06 1.724418329408824322e-06 2.888420443893743630e-07 6.146207299895602478e-07 8.473514078278521467e-07 1.377365397109706897e-07 6.598298551022357787e-06 3.754157966881290534e-06 4.419539762466969076e-06 2.536376634908945256e-06 4.915199585562637450e-07 9.060088110666021735e-07 1.514106771114066046e-06 2.190403721310725220e-06 1.334170630312930867e-06 2.611575043947604883e-06 2.305920011037250899e-06 9.258074488405025452e-07 1.298518595594555873e-06 2.585411841404274766e-06 4.000159325545711975e-06 2.414178904719741502e-06 1.898769786549796188e-06 2.918235602624170577e-06 5.790110474828761954e-06 2.914000704489437640e-06 3.939678905175759842e-07 1.000561570120543520e-06 7.715278311787268048e-07 5.116730318004408530e-07 8.594644311475441671e-07 3.426844143238302972e-07 9.048164972878037135e-08 2.461525898570403199e-06 3.788814300487914944e-07 6.807346667679280837e-07 2.909926511959077626e-06 2.822309848305158657e-06
2.708816349527824475e-06 3.152884342207160199e-06 1.437377062365930946e-06 1.745862516250306136e-06 1.933169468698531311e-06 3.088066309865794299e-07 7.100859947574207802e-07 1.042692819198568965e-06 1.378667069746274678e-07 3.754157966881290534e-06 3.272276411377740776e-06 3.291501800760727831e-06 2.474445430016468674e-06 5.589944787259656243e-07 1.070667030715752810e-06 1.774103352102675396e-06 2.231472205989053705e-06 1.564334471150091060e-06 2.592672450617921105e-06 2.367717708357027854e-06 1.118147692335346414e-06 1.669061363528958694e-06 2.582208473849738958e-06 3.128857275363911124e-06 2.269080024208785119e-06 1.987850467518500263e-06 2.915455478877955092e-06 4.464982277890996079e-06 2.665241940387333349e-06 4.478804651996608630e-07 1.194785634369388062e-06 9.659873870900360359e-07 5.927237701839485507e-07 1.010311033275498089e-06 3.527177270642450250e-07 9.048164972878037135e-08 2.552372416470553702e-06 4.144224940154818255e-07 7.943347994932166816e-07 2.924491371217369672e-06 2.918397576478433407e-06
2.637756907223936486e-06 3.013179132372414037e-06 1.352697538435469960e-06 1.649895594716133934e-06 1.801546973147848608e-06 2.967510320633717147e-07 6.570868063267708294e-07 9.522919136366974780e-07 1.378528791301777092e-07 4.419539762466969076e-06 3.291501800760727831e-06 3.616078351217779707e-06 2.320024647131250681e-06 5.201293678152720898e-07 1.000546207600431376e-06 1.644114842909109568e-06 2.100074189074756891e-06 1.446951905084874605e-06 2.414727598065372619e-06 2.211277390266057543e-06 1.034336843550891507e-06 1.495915421603984126e-06 2.428792314868250920e-06 3.127583206347123195e-06 2.169307570428017885e-06 1.861580535947346747e-06 2.697071351317242559e-06 4.562052632207687426e-06 2.545013850288987564e-06 4.166052288927188046e-07 1.106855945014757968e-06 8.798615781282118819e-07 5.466088064763498945e-07 9.488918611298706348e-07 3.461750411516118609e-07 9.048164972878037135e-08 2.377999960632860031e-06 3.941391694334221640e-07 7.347815062251202638e-07 2.721589891367613340e-06 2.709462883880395662e-06
2.350562500462966096e-06 2.571412296137504138e-06 1.206077071527031232e-06 1.529973759646472868e-06 1.671188214322167080e-06 2.916946304180855104e-07 6.318926026549771116e-07 8.825657639293214871e-07 1.374912426943296369e-07 2.536376634908945256e-06 2.474445430016468674e-06 2.320024647131250681e-06 2.168452098911096331e-06 5.037900809624197581e-07 9.199545414219803105e-07 1.504724714325828843e-06 1.839356403585483205e-06 1.320224275551150940e-06 2.260415441047665925e-06 2.010046007043707268e-06 9.556726527542427300e-07 1.355680425558266532e-06 2.168234118353956582e-06 2.516499280779720824e-06 1.956896847755302195e-06 1.707514129092205536e-06 2.488405499935776070e-06 3.530553051043423325e-06 2.264857369377544983e-06 4.040598049585926492e-07 9.998129252982575855e-07 8.304134053905078637e-07 5.261998717691830975e-07 8.583288311643252173e-07 3.426642219371207094e-07 9.048164972878037135e-08 2.167280391596575156e-06 3.842873868476125321e-07 7.009738984533036723e-07 2.476886163141944349e-06 2.410609956314620181e-06
4.919268693452023050e-07 5.576595046983071232e-07 3.740020214117072060e-07 4.184258832455730261e-07 4.551655664686257177e-07 1.631117128905192209e-07 2.867219348773361236e-07 3.534020925225648469e-07 1.083794540368559782e-07 4.915199585562637450e-07 5.589944787259656243e-07 5.201293678152720898e-07 5.037900809624197581e-07 2.593661509715501086e-07 3.448504952547574044e-07 4.424990451157545450e-07 4.863114068393033315e-07 3.893544894567686650e-07 5.198210240185222953e-07 5.079104294598614606e-07 3.646625915165517797e-07 4.360136749171472487e-07 5.148204986726960505e-07 5.348723413326117260e-07 4.795740800379842686e-07 4.600754459217355042e-07 5.535770558124957831e-07 5.753951252434774255e-07 5.164778286484253063e-07 1.968946872314657223e-07 3.133110955083773092e-07 3.345082319348567486e-07 2.434239811869650336e-07 2.901501959170741613e-07 1.895878170067336088e-07 8.451481937753250211e-08 5.032586305822508463e-07 1.941767890117312818e-07 3.174473050158963649e-07 5.460453256753462820e-07 5.371119966300946913e-07
9.123849938068961072e-07 1.100616538055721592e-06 7.027479742490503700e-07 7.724119995924329664e-07 8.356589647931086135e-07 2.145233020500021333e-07 4.056438023029457795e-07 5.537364484712325527e-07 1.227159803732417119e-07 9.060088110666021735e-07 1.070667030715752810e-06 1.000546207600431376e-06 9.199545414219803105e-07 3.448504952547574044e-07 5.699130223344907198e-07 8.078739983476961634e-07 8.961763023224207630e-07 7.076539672834234754e-07 9.510365669892862630e-07 9.268885428630848721e-07 5.944707022922427855e-07 7.549942879734920012e-07 9.604435626584243261e-07 9.968884355291918963e-07 8.804048450362150737e-07 8.331709698899894390e-07 1.031028463138875470e-06 1.264714780441754551e-06 9.604955374952529263e-07 2.641216692021865309e-07 5.641102162378157525e-07 4.987901995943109420e-07 3.431436723395263476e-07 5.118179108136921178e-07 2.559579471197054368e-07 8.628768197064744569e-08 9.632745187095646350e-07 2.652757814759292831e-07 4.549702756148399300e-07 1.038527649841512745e-06 1.068435885929927462e-06
1.511638481695259040e-06 1.834375583713262738e-06 1.052835762361941019e-06 1.218649153087582116e-06 1.326418670959672111e-06 2.634394381479753404e-07 5.471369091153446836e-07 7.672546943023920581e-07 1.347236461659166505e-07 1.514106771114066046e-06 1.774103352102675396e-06 1.644114842909109568e-06 1.504724714325828843e-06 4.424990451157545450e-07 8.078739983476961634e-07 1.249676418796672266e-06 1.410234943685731914e-06 1.086627405500693980e-06 1.462083962995147669e-06 1.492181997932982760e-06 8.362174188479312360e-07 1.138957092527055044e-06 1.566176106829815595e-06 1.649174267511266291e-06 1.417466512355487499e-06 1.305287344324282604e-06 1.712592536064844977e-06 2.229035311590055477e-06 1.579230931458294299e-06 3.481709245353834171e-07 8.464882332997202269e-07 6.905609616428190769e-07 4.531295696432836782e-07 7.490243913017834526e-07 3.167270934165108173e-07 8.914379934485499162e-08 1.592069586596367068e-06 3.415657492927934476e-07 6.115816688041638588e-07 1.739664407346643999e-06 1.758523720739253558e-06
1.948728824245158046e-06 2.272292433958714888e-06 1.164668520407473449e-06 1.360298979859042101e-06 1.501878168331662710e-06 2.799473486314876564e-07 6.066325763894893076e-07 8.705747073232215467e-07 1.356641433806668294e-07 2.190403721310725220e-06 2.231472205989053705e-06 2.100074189074756891e-06 1.839356403585483205e-06 4.863114068393033315e-07 8.961763023224207630e-07 1.410234943685731914e-06 1.701190947919952316e-06 1.238239164261368997e-06 1.916221930105707279e-06 1.789700907637698283e-06 9.397357615378297090e-07 1.327924986822123855e-06 1.902424936738852675e-06 2.178570823233177080e-06 1.710513405196474797e-06 1.536045483158029156e-06 2.156230001443848741e-06 2.961254248600577251e-06 1.963567764693729819e-06 3.848917939293745486e-07 9.569197667056758737e-07 7.947039742483201016e-07 5.047965922228287914e-07 8.302068378791077903e-07 3.291226715768395215e-07 8.915145221846660593e-08 1.919848025224688471e-06 3.682688733923653444e-07 6.783160366844732118e-07 2.139170276819331111e-06 2.165918143164377485e-06
1.337558332215033877e-06 1.631572609817651524e-06 9.300686215053496932e-07 1.060953337227548958e-06 1.151288241636466598e-06 2.318206241791027950e-07 4.746334822594688372e-07 6.759635648963776296e-07 1.238834498609105886e-07 1.334170630312930867e-06 1.564334471150091060e-06 1.446951905084874605e-06 1.320224275551150940e-06 3.893544894567686650e-07 7.076539672834234754e-07 1.086627405500693980e-06 1.238239164261368997e-06 9.549422844668566350e-07 1.376969309291549650e-06 1.303021171824816851e-06 7.325192044575218506e-07 9.999370519383005245e-07 1.379602434123098061e-06 1.458102242630099280e-06 1.235453836370694765e-06 1.140983018269727881e-06 1.511303412173615843e-06 2.006248298849483442e-06 1.384634791107621617e-06 3.044733274331779145e-07 7.482485389144358956e-07 6.080687653717047767e-07 3.953485274866657512e-07 6.605470474096330251e-07 2.754156861549442779e-07 8.317762664484712108e-08 1.397027849228318197e-06 2.982628866850296495e-07 5.331447493671570618e-07 1.532529837105481929e-06 1.560638426132944983e-06
2.435901752185082466e-06 2.693299699353318171e-06 1.247030953622370196e-06 1.595343719156122871e-06 1.749317038572117709e-06 2.981364542522290437e-07 6.545672623107076579e-07 9.151097271437713050e-07 1.376564419748089363e-07 2.611575043947604883e-06 2.592672450617921105e-06 2.414727598065372619e-06 2.260415441047665925e-06 5.198210240185222953e-07 9.510365669892862630e-07 1.462083962995147669e-06 1.916221930105707279e-06 1.376969309291549650e-06 2.363357266616502651e-06 2.100986023835215668e-06 9.883921100243872458e-07 1.411517183424777416e-06 2.265705998419003606e-06 2.617147070450737325e-06 2.033516189735324396e-06 1.779276062399537438e-06 2.602747990781550839e-06 3.668677629796458914e-06 2.360207517508408156e-06 4.188430441119785378e-07 1.040037322011192125e-06 8.448334670349083506e-07 5.461668744030946838e-07 8.877862041141782729e-07 3.464632109410364960e-07 9.048164972878037135e-08 2.265985936859581534e-06 3.945251868716594579e-07 7.251218597428444448e-07 2.597101951753148310e-06 2.518359449781011460e-06
2.122348420373477878e-06 2.429368452888534489e-06 1.198380185559748221e-06 1.468715946266128908e-06 1.622135788318225103e-06 2.940259128349445036e-07 6.385645193578031842e-07 8.943680064611604712e-07 1.377799210591153408e-07 2.305920011037250899e-06 2.367717708357027854e-06 2.211277390266057543e-06 2.010046007043707268e-06 5.079104294598614606e-07 9.268885428630848721e-07 1.492181997932982760e-06 1.789700907637698283e-06 1.303021171824816851e-06 2.100986023835215668e-06 1.926206406186666183e-06 9.706716638546677779e-07 1.376892072297034697e-06 2.049444775500696128e-06 2.330284818697910401e-06 1.845694661627078157e-06 1.643597925318133098e-06 2.321088853230330078e-06 3.178829042874044890e-06 2.119126604450788936e-06 4.086539602425074004e-07 9.934921356857503037e-07 8.196284982233128173e-07 5.324671021251498314e-07 8.577194341376318873e-07 3.449593360980562000e-07 9.048164972878037135e-08 2.055002582884293994e-06 3.878068063551713810e-07 7.090083511529285374e-07 2.321330358972993016e-06 2.294361064061456271e-06
9.394256317175860592e-07 1.142012119156514170e-06 7.098842011318187020e-07 7.792260999051414265e-07 8.586252610611584998e-07 2.217398643456452494e-07 4.329397982843352683e-07 5.892332799050524005e-07 1.255405123960207541e-07 9.258074488405025452e-07 1.118147692335346414e-06 1.034336843550891507e-06 9.556726527542427300e-07 3.646625915165517797e-07 5.944707022922427855e-07 8.362174188479312360e-07 9.397357615378297090e-07 7.325192044575218506e-07 9.883921100243872458e-07 9.706716638546677779e-07 6.312344137186970686e-07 8.037131226548121450e-07 9.992372049670898768e-07 1.040780704649120462e-06 9.103339414664365613e-07 8.697023585147573700e-07 1.081776644712557088e-06 1.258583750878591101e-06 9.962199830501403809e-07 2.792975708929863301e-07 5.800859547385094340e-07 5.344380081012227005e-07 3.603844401413703953e-07 5.245521319145006267e-07 2.682683155412034248e-07 8.704518001848435073e-08 9.902823169831334414e-07 2.803533163704840624e-07 4.847866155276959591e-07 1.077951770459582557e-06 1.106758709116196371e-06
1.336012284485682005e-06 1.725059600775669357e-06 9.403315932516413771e-07 1.044116369261812450e-06 1.177484416891471430e-06 2.478451416434083332e-07 5.325105378503757472e-07 7.618668048883560113e-07 1.276752797804616796e-07 1.298518595594555873e-06 1.669061363528958694e-06 1.495915421603984126e-06 1.355680425558266532e-06 4.360136749171472487e-07 7.549942879734920012e-07 1.138957092527055044e-06 1.327924986822123855e-06 9.999370519383005245e-07 1.411517183424777416e-06 1.376892072297034697e-06 8.037131226548121450e-07 1.136349574235721935e-06 1.442472147737001493e-06 1.517155236162490239e-06 1.267968756274766826e-06 1.192875353882048763e-06 1.602514684575694431e-06 1.941938575727942500e-06 1.433149070338900218e-06 3.388251826303762296e-07 7.830394527895198600e-07 7.089411619066291500e-07 4.449536701902573601e-07 6.809942768342235973e-07 2.884257109487441854e-07 8.775726608170953124e-08 1.439641008696725518e-06 3.213175488452311698e-07 5.966489166502807703e-07 1.596939203632590806e-06 1.649261326727608216e-06
2.316416184916942190e-06 2.642151493544732812e-06 1.272503687610831484e-06 1.562047643118841649e-06 1.712980387240472499e-06 2.932360942955262116e-07 6.471232317064420031e-07 9.259446151544911370e-07 1.374737850433940455e-07 2.585411841404274766e-06 2.582208473849738958e-06 2.428792314868250920e-06 2.168234118353956582e-06 5.148204986726960505e-07 9.604435626584243261e-07 1.566176106829815595e-06 1.902424936738852675e-06 1.379602434123098061e-06 2.265705998419003606e-06 2.049444775500696128e-06 9.992372049670898768e-07 1.442472147737001493e-06 2.212227226744623329e-06 2.537327467257696268e-06 1.967228913731106901e-06 1.742038076389491010e-06 2.511790348870157754e-06 3.563107118354773413e-06 2.278836720507361197e-06 4.109296885196005237e-07 1.051156227085300369e-06 8.505391804963409599e-07 5.387477603426657535e-07 9.000993456798117288e-07 3.426835650197633005e-07 9.048164972878037135e-08 2.211107198659879699e-06 3.882325352171102810e-07 7.215098212746545022e-07 2.513012846698017540e-06 2.484934294084328711e-06
2.929788477868595348e-06 3.045847628740043896e-06 1.317155820424318721e-06 1.665463376698771797e-06 2.027977797918582384e-06 3.026414086564103937e-07 6.756659502163610013e-07 9.658209963121763901e-07 1.378576601755383670e-07 4.000159325545711975e-06 3.128857275363911124e-06 3.127583206347123195e-06 2.516499280779720824e-06 5.348723413326117260e-07 9.968884355291918963e-07 1.649174267511266291e-06 2.178570823233177080e-06 1.458102242630099280e-06 2.617147070450737325e-06 2.330284818697910401e-06 1.040780704649120462e-06 1.517155236162490239e-06 2.537327467257696268e-06 3.316826597731924107e-06 2.309781627549337553e-06 1.946341210224387172e-06 2.939196963679994082e-06 4.652698236515902674e-06 2.744260866530332677e-06 4.300586864220961836e-07 1.100803721266783782e-06 8.922511425555244665e-07 5.642879803288001481e-07 9.342317485242318242e-07 3.502820522789800582e-07 9.048164972878037135e-08 2.500919316145108004e-06 4.023486984883277172e-07 7.526590267833928523e-07 2.907838017844536824e-06 2.865523603216289115e-06
2.125578100480342004e-06 2.321549988607248285e-06 1.154790688668980309e-06 1.427956999322755660e-06 1.554456843565072137e-06 2.840639338031249730e-07 6.122292407307892355e-07 8.342356690379164739e-07 1.375453225184964041e-07 2.414178904719741502e-06 2.269080024208785119e-06 2.169307570428017885e-06 1.956896847755302195e-06 4.795740800379842686e-07 8.804048450362150737e-07 1.417466512355487499e-06 1.710513405196474797e-06 1.235453836370694765e-06 2.033516189735324396e-06 1.845694661627078157e-06 9.103339414664365613e-07 1.267968756274766826e-06 1.967228913731106901e-06 2.309781627549337553e-06 1.810736451609193365e-06 1.577761397785160367e-06 2.230162073303102067e-06 3.203923762923828713e-06 2.077539580131418874e-06 3.857980621891139604e-07 9.422107376858409274e-07 7.747280018665861777e-07 5.004977225703045406e-07 8.205306380574913961e-07 3.379546150836912929e-07 9.048164972878037135e-08 1.980160039719271686e-06 3.719669132434525555e-07 6.685705098186584063e-07 2.231119555993828849e-06 2.198975256402379677e-06
1.790054175871983701e-06 2.048784606407261950e-06 1.073024778253202954e-06 1.287462322062495224e-06 1.408636831478358083e-06 2.729202336238915765e-07 5.729145095617475499e-07 8.003888087769420822e-07 1.354891742893111960e-07 1.898769786549796188e-06 1.987850467518500263e-06 1.861580535947346747e-06 1.707514129092205536e-06 4.600754459217355042e-07 8.331709698899894390e-07 1.305287344324282604e-06 1.536045483158029156e-06 1.140983018269727881e-06 1.779276062399537438e-06 1.643597925318133098e-06 8.697023585147573700e-07 1.192875353882048763e-06 1.742038076389491010e-06 1.946341210224387172e-06 1.577761397785160367e-06 1.421482409087707189e-06 1.967975766385200532e-06 2.644549541104337389e-06 1.791877057883816035e-06 3.674043898601048962e-07 8.783631892649378364e-07 7.240475669346221230e-07 4.770069695081134900e-07 7.682540411634384564e-07 3.256466272841535087e-07 8.913094402097284137e-08 1.748745717175406984e-06 3.557859346657407973e-07 6.379951890815107089e-07 1.957141986945477147e-06 1.948280446456739279e-06
2.700060189485609596e-06 3.032274880827354361e-06 1.360065426993211200e-06 1.706513583389829682e-06 1.890970397379822764e-06 3.078339943834752214e-07 7.012145097623409436e-07 1.011130784232827772e-06 1.378747537005836368e-07 2.918235602624170577e-06 2.915455478877955092e-06 2.697071351317242559e-06 2.488405499935776070e-06 5.535770558124957831e-07 1.031028463138875470e-06 1.712592536064844977e-06 2.156230001443848741e-06 1.511303412173615843e-06 2.602747990781550839e-06 2.321088853230330078e-06 1.081776644712557088e-06 1.602514684575694431e-06 2.511790348870157754e-06 2.939196963679994082e-06 2.230162073303102067e-06 1.967975766385200532e-06 2.912256712113458519e-06 4.120498064867272319e-06 2.618236815088343007e-06 4.447772277605013212e-07 1.143792685524885353e-06 9.415360820118935345e-07 5.866297216644021086e-07 9.641827306824085457e-07 3.509100010011261441e-07 9.048164972878037135e-08 2.504983374330339658e-06 4.113250171908231767e-07 7.816966264894779020e-07 2.887569945036198192e-06 2.841086594318089318e-06
4.194584067130802586e-06 4.457405525008839968e-06 1.914243653570126955e-06 2.398190144537096818e-06 2.543746858284704961e-06 3.103285740400538212e-07 7.364142746877816017e-07 1.162375260310349187e-06 1.378751873082214711e-07 5.790110474828761954e-06 4.464982277890996079e-06 4.562052632207687426e-06 3.530553051043423325e-06 5.753951252434774255e-07 1.264714780441754551e-06 2.229035311590055477e-06 2.961254248600577251e-06 2.006248298849483442e-06 3.668677629796458914e-06 3.178829042874044890e-06 1.258583750878591101e-06 1.941938575727942500e-06 3.563107118354773413e-06 4.652698236515902674e-06 3.203923762923828713e-06 2.644549541104337389e-06 4.120498064867272319e-06 7.188305371577548106e-06 3.850240107280995461e-06 4.564030347322200978e-07 1.532513253664571725e-06 1.050910673291685362e-06 6.131156447229482335e-07 1.279831988490457068e-06 3.526515597406977697e-07 9.048164972878037135e-08 3.580742789284310817e-06 4.221746129816261936e-07 8.377715063405643407e-07 4.151789524479404882e-06 4.133532117684690440e-06
2.507217995742255878e-06 2.725000848715264970e-06 1.273103911352597618e-06 1.591199940953656927e-06 1.742129579387058963e-06 2.965519948537595260e-07 6.505281252232988658e-07 9.184751039921854633e-07 1.377358642571698631e-07 2.914000704489437640e-06 2.665241940387333349e-06 2.545013850288987564e-06 2.264857369377544983e-06 5.164778286484253063e-07 9.604955374952529263e-07 1.579230931458294299e-06 1.963567764693729819e-06 1.384634791107621617e-06 2.360207517508408156e-06 2.119126604450788936e-06 9.962199830501403809e-07 1.433149070338900218e-06 2.278836720507361197e-06 2.744260866530332677e-06 2.077539580131418874e-06 1.791877057883816035e-06 2.618236815088343007e-06 3.850240107280995461e-06 2.419690319037859437e-06 4.156417653845154024e-07 1.051237933553057935e-06 8.426193848160185178e-07 5.418101109748641762e-07 9.014520836680840032e-07 3.457523167702510181e-07 9.048164972878037135e-08 2.286714408386804182e-06 3.920177691476095657e-07 7.230083820878202907e-07 2.607161816943497907e-06 2.571818098744820945e-06
3.916907363844240024e-07 4.411058786239011096e-07 2.807496096921459125e-07 3.257992093952382341e-07 3.619053650241472262e-07 1.320827286140043085e-07 2.216991099769920250e-07 2.633504515791230242e-07 7.486920531506840630e-08 3.939678905175759842e-07 4.478804651996608630e-07 4.166052288927188046e-07 4.040598049585926492e-07 1.968946872314657223e-07 2.641216692021865309e-07 3.481709245353834171e-07 3.848917939293745486e-07 3.044733274331779145e-07 4.188430441119785378e-07 4.086539602425074004e-07 2.792975708929863301e-07 3.388251826303762296e-07 4.109296885196005237e-07 4.300586864220961836e-07 3.857980621891139604e-07 3.674043898601048962e-07 4.447772277605013212e-07 4.564030347322200978e-07 4.156417653845154024e-07 1.610551384163682099e-07 2.396751048128394056e-07 2.493602453598675521e-07 1.939256665061717138e-07 2.258447752394532490e-07 1.486386073841230513e-07 7.003084717134376812e-08 4.038330504017677742e-07 1.563162174016762068e-07 2.403619512260440823e-07 4.368445159907063112e-07 4.241684705996575320e-07
1.011015272772224332e-06 1.253177696935386857e-06 7.488857179650602178e-07 8.296140524417390209e-07 8.888570448284818707e-07 1.876391651426923547e-07 3.742786740267581360e-07 5.386573748972778670e-07 1.077295135764676013e-07 1.000561570120543520e-06 1.194785634369388062e-06 1.106855945014757968e-06 9.998129252982575855e-07 3.133110955083773092e-07 5.641102162378157525e-07 8.464882332997202269e-07 9.569197667056758737e-07 7.482485389144358956e-07 1.040037322011192125e-06 9.934921356857503037e-07 5.800859547385094340e-07 7.830394527895198600e-07 1.051156227085300369e-06 1.100803721266783782e-06 9.422107376858409274e-07 8.783631892649378364e-07 1.143792685524885353e-06 1.532513253664571725e-06 1.051237933553057935e-06 2.396751048128394056e-07 5.969490563862154971e-07 4.883499798688975993e-07 3.111158426829108382e-07 5.293980647459016941e-07 2.218890344381113014e-07 8.057487807072075213e-08 1.067749977880612177e-06 2.387395239420542638e-07 4.233851399435567757e-07 1.164622117437138999e-06 1.206045586588106786e-06
8.083369614171552411e-07 9.913328872854788104e-07 5.762667376946157543e-07 6.310703192771673830e-07 7.092823683341725199e-07 1.948704317091521290e-07 3.849470615101430581e-07 5.241599898696658955e-07 1.170876901914183914e-07 7.715278311787268048e-07 9.659873870900360359e-07 8.798615781282118819e-07 8.304134053905078637e-07 3.345082319348567486e-07 4.987901995943109420e-07 6.905609616428190769e-07 7.947039742483201016e-07 6.080687653717047767e-07 8.448334670349083506e-07 8.196284982233128173e-07 5.344380081012227005e-07 7.089411619066291500e-07 8.505391804963409599e-07 8.922511425555244665e-07 7.747280018665861777e-07 7.240475669346221230e-07 9.415360820118935345e-07 1.050910673291685362e-06 8.426193848160185178e-07 2.493602453598675521e-07 4.883499798688975993e-07 4.994196411730932236e-07 3.215890082513843550e-07 4.306319793406261645e-07 2.290502548146828246e-07 8.443152080321048388e-08 8.356224140351103456e-07 2.455088252872885936e-07 4.313070511606580743e-07 9.292633869958120593e-07 9.453466462601735690e-07
5.115637715211257750e-07 5.896992063302434535e-07 3.621349985057919064e-07 4.243879799145186874e-07 4.693048518613942534e-07 1.573212522511375634e-07 2.769302961906909332e-07 3.416803932511210449e-07 9.922836423938551715e-08 5.116730318004408530e-07 5.927237701839485507e-07 5.466088064763498945e-07 5.261998717691830975e-07 2.434239811869650336e-07 3.431436723395263476e-07 4.531295696432836782e-07 5.047965922228287914e-07 3.953485274866657512e-07 5.461668744030946838e-07 5.324671021251498314e-07 3.603844401413703953e-07 4.449536701902573601e-07 5.387477603426657535e-07 5.642879803288001481e-07 5.004977225703045406e-07 4.770069695081134900e-07 5.866297216644021086e-07 6.131156447229482335e-07 5.418101109748641762e-07 1.939256665061717138e-07 3.111158426829108382e-07 3.215890082513843550e-07 2.384432492044812077e-07 2.906940447786208189e-07 1.804480023407717932e-07 7.259406562188323100e-08 5.276696926092419011e-07 1.894709040079982531e-07 3.033468387435044953e-07 5.768625491551022416e-07 5.659058946840642825e-07
8.635755763021994390e-07 1.053012927120565089e-06 6.700595827589616097e-07 7.313171867034153045e-07 7.793623375636763579e-07 1.822142989599011615e-07 3.445591091673180247e-07 4.836059688349329352e-07 1.095153394138910795e-07 8.594644311475441671e-07 1.010311033275498089e-06 9.488918611298706348e-07 8.583288311643252173e-07 2.901501959170741613e-07 5.118179108136921178e-07 7.490243913017834526e-07 8.302068378791077903e-07 6.605470474096330251e-07 8.877862041141782729e-07 8.577194341376318873e-07 5.245521319145006267e-07 6.809942768342235973e-07 9.000993456798117288e-07 9.342317485242318242e-07 8.205306380574913961e-07 7.682540411634384564e-07 9.641827306824085457e-07 1.279831988490457068e-06 9.014520836680840032e-07 2.258447752394532490e-07 5.293980647459016941e-07 4.306319793406261645e-07 2.906940447786208189e-07 4.785672830250174033e-07 2.177932557271582724e-07 8.161910464525994963e-08 9.185203619356742384e-07 2.277126930291314685e-07 3.908895450765045638e-07 9.830960468348968830e-07 1.022687100405514029e-06
3.339452191807199492e-07 3.448235076574784644e-07 2.724687991120516476e-07 3.064299532517943210e-07 3.254742834805208786e-07 1.217068917254422619e-07 2.115539126076968146e-07 2.515059122331472488e-07 9.033462551160263016e-08 3.426844143238302972e-07 3.527177270642450250e-07 3.461750411516118609e-07 3.426642219371207094e-07 1.895878170067336088e-07 2.559579471197054368e-07 3.167270934165108173e-07 3.291226715768395215e-07 2.754156861549442779e-07 3.464632109410364960e-07 3.449593360980562000e-07 2.682683155412034248e-07 2.884257109487441854e-07 3.426835650197633005e-07 3.502820522789800582e-07 3.379546150836912929e-07 3.256466272841535087e-07 3.509100010011261441e-07 3.526515597406977697e-07 3.457523167702510181e-07 1.486386073841230513e-07 2.218890344381113014e-07 2.290502548146828246e-07 1.804480023407717932e-07 2.177932557271582724e-07 1.582168650746057685e-07 6.948950884297435998e-08 3.330265495571524779e-07 1.551422425213119379e-07 2.308992272738917412e-07 3.497642566459318242e-07 3.397756261068276410e-07
9.041772917574772198e-08 9.042098427619640826e-08 8.886795698361969465e-08 9.041687112891811364e-08 9.048164972878037135e-08 6.628260467042891190e-08 7.955809587253397654e-08 8.734527801832354104e-08 5.894169225083908009e-08 9.048164972878037135e-08 9.048164972878037135e-08 9.048164972878037135e-08 9.048164972878037135e-08 8.451481937753250211e-08 8.628768197064744569e-08 8.914379934485499162e-08 8.915145221846660593e-08 8.317762664484712108e-08 9.048164972878037135e-08 9.048164972878037135e-08 8.704518001848435073e-08 8.775726608170953124e-08 9.048164972878037135e-08 9.048164972878037135e-08 9.048164972878037135e-08 8.913094402097284137e-08 9.048164972878037135e-08 9.048164972878037135e-08 9.048164972878037135e-08 7.003084717134376812e-08 8.057487807072075213e-08 8.443152080321048388e-08 7.259406562188323100e-08 8.161910464525994963e-08 6.948950884297435998e-08 5.347590963042812952e-08 8.979815276429041795e-08 6.944070452250211151e-08 8.600773803308347983e-08 9.048164972878037135e-08 8.911247671192815180e-08
2.306496430763893097e-06 2.659358208198936616e-06 1.312356452171236949e-06 1.601108148279792479e-06 1.743195327013748173e-06 2.873064032628759585e-07 6.329262865129502002e-07 9.116575467859768445e-07 1.347365557180515325e-07 2.461525898570403199e-06 2.552372416470553702e-06 2.377999960632860031e-06 2.167280391596575156e-06 5.032586305822508463e-07 9.632745187095646350e-07 1.592069586596367068e-06 1.919848025224688471e-06 1.397027849228318197e-06 2.265985936859581534e-06 2.055002582884293994e-06 9.902823169831334414e-07 1.439641008696725518e-06 2.211107198659879699e-06 2.500919316145108004e-06 1.980160039719271686e-06 1.748745717175406984e-06 2.504983374330339658e-06 3.580742789284310817e-06 2.286714408386804182e-06 4.038330504017677742e-07 1.067749977880612177e-06 8.356224140351103456e-07 5.276696926092419011e-07 9.185203619356742384e-07 3.330265495571524779e-07 8.979815276429041795e-08 2.243345583578595976e-06 3.799967341442334312e-07 7.067022958143435194e-07 2.524466766929647532e-06 2.508866557846696619e-06
3.738748193741365799e-07 4.074595098418390366e-07 2.831198260597287541e-07 3.244990929432761815e-07 3.526177783105427430e-07 1.333406810754236090e-07 2.198735486497099011e-07 2.624502566762080009e-07 7.649710693398780186e-08 3.788814300487914944e-07 4.144224940154818255e-07 3.941391694334221640e-07 3.842873868476125321e-07 1.941767890117312818e-07 2.652757814759292831e-07 3.415657492927934476e-07 3.682688733923653444e-07 2.982628866850296495e-07 3.945251868716594579e-07 3.878068063551713810e-07 2.803533163704840624e-07 3.213175488452311698e-07 3.882325352171102810e-07 4.023486984883277172e-07 3.719669132434525555e-07 3.557859346657407973e-07 4.113250171908231767e-07 4.221746129816261936e-07 3.920177691476095657e-07 1.563162174016762068e-07 2.387395239420542638e-07 2.455088252872885936e-07 1.894709040079982531e-07 2.277126930291314685e-07 1.551422425213119379e-07 6.944070452250211151e-08 3.799967341442334312e-07 1.584936807612260416e-07 2.425906066220913094e-07 4.070316648679513393e-07 3.967717134068817445e-07
6.844240742796194909e-07 7.970326306699851101e-07 5.075475071147300549e-07 5.705631160972434280e-07 6.305184295074492623e-07 1.944699607196011359e-07 3.620562872993114584e-07 4.621516155225989743e-07 1.179931412700449282e-07 6.807346667679280837e-07 7.943347994932166816e-07 7.347815062251202638e-07 7.009738984533036723e-07 3.174473050158963649e-07 4.549702756148399300e-07 6.115816688041638588e-07 6.783160366844732118e-07 5.331447493671570618e-07 7.251218597428444448e-07 7.090083511529285374e-07 4.847866155276959591e-07 5.966489166502807703e-07 7.215098212746545022e-07 7.526590267833928523e-07 6.685705098186584063e-07 6.379951890815107089e-07 7.816966264894779020e-07 8.377715063405643407e-07 7.230083820878202907e-07 2.403619512260440823e-07 4.233851399435567757e-07 4.313070511606580743e-07 3.033468387435044953e-07 3.908895450765045638e-07 2.308992272738917412e-07 8.600773803308347983e-08 7.067022958143435194e-07 2.425906066220913094e-07 4.031519236481664405e-07 7.719038493895833373e-07 7.675914879644028094e-07
