1.492588071744436855e-02 5.375102324025999266e-04 3.342079247579028863e-03 2.668859823903602449e-03 3.320398680219299736e-03 2.043359322572035723e-03 1.503476640495939390e-03 3.479749416247276961e-03 -1.676258365130373822e-04 7.421098340105305134e-03 6.785816602908594647e-03 7.269135853250467162e-03 2.182517363648145067e-02 1.095503626454920765e-03 1.278138104056925940e-02 4.072013872954175287e-03 2.355137880783794192e-03 1.397357322865450287e-02 8.563680269491098437e-03 6.318541117297541039e-03 1.749342727347819319e-04 8.759509011253692815e-03 7.453663840232665691e-03 1.005173501756396678e-02 3.658238497320677549e-03 4.565428322424892188e-03 2.584280021303120723e-03 7.046726773859869749e-04 1.034458897703339868e-03 -5.401317804600052263e-05 5.553394137370984071e-03 7.406197616306345148e-03 -7.471559085205324580e-04 -9.812338375960429765e-03 1.948488031897953419e-03 -2.348810925002270313e-04 3.975673238655014902e-03 -1.069633122508782290e-04 4.303896334620572334e-03 1.561225939809120136e-03 -1.699446711442593322e-02
5.375102324025999266e-04 1.479092620577720195e-02 5.677478519995043108e-05 1.856673276423094791e-04 2.468266354849506434e-04 2.379866623105971889e-04 -1.208300791585807665e-02 5.216089857208450198e-04 5.974667670097952516e-04 1.207498925185407660e-03 3.762933012482614541e-04 2.773319363578529806e-04 4.410204443270127127e-04 -3.689789766088432776e-04 1.808475411817453437e-04 5.271592029427661337e-04 1.051609932584901021e-03 7.834434658636603519e-04 3.416990108973800536e-04 -2.869414856288205959e-03 -7.216362608342647778e-04 -1.306427890845753351e-02 2.269363834111926708e-04 -1.464386662273074796e-05 2.372088019544085432e-04 -8.940292181678109263e-05 -5.336961393756406262e-03 -6.482638445275554911e-03 -3.493226557040007754e-03 -1.653223080014514868e-03 5.195417032299667632e-04 3.362178749983776643e-04 1.022188556254874717e-02 1.170575029430516814e-04 6.329553663071296624e-05 2.075564530570961960e-03 -1.159917817854361384e-03 -2.900061132469405672e-04 -4.673832032712754540e-03 7.264261298367960052e-04 -5.775495502908127750e-03
3.342079247579028863e-03 5.677478519995043108e-05 3.810034897904724868e-03 6.090029866054692863e-04 1.144850742948466627e-03 1.481074687503858615e-04 7.608906992767236173e-04 1.200624528102032986e-03 8.000485938280157329e-06 2.263112597339384403e-03 2.118395071546737198e-03 2.764404657356372280e-03 6.777231536020076295e-03 5.650112920531690040e-04 4.161839073752128179e-03 1.101578013874638176e-03 1.464981883631376368e-03 4.016716801745677697e-03 2.908861864237686189e-03 1.892994934111564848e-03 -6.845375281745986031e-04 3.042632841821624103e-03 2.490738126374821351e-03 2.656877946052793593e-03 1.237346831050651968e-03 1.196351895707625486e-03 1.324435512584187877e-03 2.573170771903594270e-04 4.416404824751172923e-04 8.464012709018118230e-05 2.034336347224899744e-03 2.064980877151944942e-03 -2.001446916005332716e-04 -3.217448601545408026e-03 5.782980388154230827e-04 -1.347907301778287115e-04 1.163310949157635599e-03 -1.756037112504597929e-04 1.521438123512392545e-03 3.521230342146375552e-04 -4.924221323094122096e-03
2.668859823903602449e-03 1.856673276423094791e-04 6.090029866054692863e-04 3.880154084435377335e-03 1.105529937900926905e-03 3.648698715254503110e-04 -8.435080983201068052e-04 1.801623533918818255e-03 -3.219569418377951782e-04 2.225299984480729170e-03 2.170538184056615937e-03 2.034610430461858931e-03 6.355123711966083160e-03 4.875547747563382955e-05 3.864490377448113936e-03 7.288802757109968944e-04 7.717968965052747965e-04 3.999986618358613959e-03 2.778388177466819577e-03 1.178894560551822833e-03 -7.431479460261197377e-05 1.629242214327376523e-03 2.410139662588292771e-03 2.378030204486550683e-03 1.107138811989001777e-03 1.250451851399914192e-03 3.605015308290328529e-04 -9.842867618474031039e-04 -2.176197986610625075e-05 -1.153501970348389368e-04 1.926724699168036285e-03 2.164011791523208061e-03 7.154345792946387693e-04 -3.077588189765859735e-03 5.726588669485323637e-04 -2.350480123423988213e-05 5.896648372144047343e-04 -4.351252600548208364e-05 8.654095564217862855e-04 -1.031701452156186130e-04 -5.115422679360311607e-03
3.320398680219299736e-03 2.468266354849506434e-04 1.144850742948466627e-03 1.105529937900926905e-03 5.125818634618993508e-03 5.219553733775708854e-04 8.941770212519287251e-04 2.069719980870227734e-03 2.797032010322463122e-04 2.546924242535610408e-03 2.152936912528215143e-03 2.900361962751456420e-03 8.187672276849015940e-03 2.554587259393224005e-04 4.764069738309411987e-03 1.582368120559230146e-03 1.897171135324448926e-03 4.197676177570002984e-03 2.850704726202489114e-03 2.443187611335417495e-03 -8.406456208575477720e-04 7.073840373712289055e-03 3.062575713453086646e-03 3.385278503451737576e-03 1.611307196754775423e-03 1.269673835119524774e-03 1.254937671758649381e-03 5.358829088069890450e-05 3.080912848411665244e-04 -2.634435845403813002e-04 1.991763773285928473e-03 2.472026499041609249e-03 -1.205332978500112031e-03 -2.966774912366115097e-03 5.681533930165658585e-04 -3.515142801623485436e-04 6.944274116164283984e-04 -6.667172363303345813e-05 2.786107873645982287e-03 1.021954353900148601e-03 -2.310411083171340970e-03
2.043359322572035723e-03 2.379866623105971889e-04 1.481074687503858615e-04 3.648698715254503110e-04 5.219553733775708854e-04 8.687231856765582211e-03 1.806001824834401089e-03 1.381761625035006404e-03 3.781518557719539838e-05 1.896210282902156732e-03 1.686819996162913435e-03 9.525944059473679185e-04 6.517764606885260471e-03 7.767864846733098542e-04 1.583267708860421931e-03 -1.106850867138246342e-03 -5.429124338077260647e-04 3.039582623813368457e-03 1.866810164677510124e-03 4.613628008641284237e-04 -4.235485587049518685e-04 6.733316752225515858e-03 6.278627577618858726e-04 2.344707101512164254e-03 1.153141066386243830e-03 1.562168997522092118e-03 1.040395227126117775e-03 -4.396154729954987505e-04 8.228370880118493101e-04 2.216549303419923847e-04 2.193979238274454836e-03 1.764822232658781222e-03 -1.196060933514678844e-03 -1.774531743548538043e-03 4.945412637792980263e-04 -3.732226018954710577e-05 1.150782486403100456e-03 -4.254332009145368157e-04 2.034210746639370394e-03 -6.370611921110401477e-04 8.580749933466899626e-04
1.503476640495939390e-03 -1.208300791585807665e-02 7.608906992767236173e-04 -8.435080983201068052e-04 8.941770212519287251e-04 1.806001824834401089e-03 5.913877451662789830e-02 2.301630235163570296e-03 9.048980436295623198e-04 -1.783611602009400605e-04 -4.680746540294844515e-04 5.789957966539384642e-04 8.933124574402954640e-03 4.744037578998753233e-04 2.705370946164979066e-04 7.497292931887064712e-04 -1.501655975532679337e-03 1.306644122707503481e-03 -3.168736685838986528e-04 1.062380255485708552e-02 -1.476086332676157607e-03 6.996887285342050233e-02 8.332232819498606091e-04 1.981415113030831048e-03 1.216619031444844071e-03 2.404058493901786806e-03 2.220744197007500434e-02 2.853090204316539868e-02 1.780204408631016338e-02 6.652234589931393591e-03 3.032096487254327781e-04 4.133339259397057091e-04 -4.546053813286177886e-02 -2.322376675282414316e-03 -6.201483226375309047e-06 -2.848325658314204006e-03 2.479483997001341068e-03 1.413218334842113177e-03 2.351556948942270034e-02 -5.742181741068361905e-03 3.169143852218747615e-02
3.479749416247276961e-03 5.216089857208450198e-04 1.200624528102032986e-03 1.801623533918818255e-03 2.069719980870227734e-03 1.381761625035006404e-03 2.301630235163570296e-03 2.600891488643532895e-02 -1.477608696019521314e-05 3.133389813358091261e-03 2.842153454889817694e-03 2.511669862898401398e-03 1.513305844859109267e-02 2.441913043187475714e-03 5.538607800846052746e-03 1.232820883866457161e-03 -5.370640150460259145e-04 5.432446555953420950e-03 3.243065104748634082e-03 -1.270907556154431909e-03 -5.039917841328467492e-03 4.561765317200398850e-02 3.256067503542492067e-03 3.947015821491195280e-03 2.695162056231987895e-03 3.037324497124210278e-04 -4.763933584499456357e-03 -5.590850570076546372e-05 3.554071944348737890e-03 -3.493542579314771373e-04 2.359555989120953705e-03 3.122272450270077021e-03 -2.865248028239787063e-04 -4.059522688825204645e-03 7.023871443749632199e-04 -3.019877446991676753e-06 2.356632988313508720e-03 -2.792402806713760498e-04 1.436231507213933840e-02 1.948353516244872262e-03 2.776029862341298712e-02
-1.676258365130373822e-04 5.974667670097952516e-04 8.000485938280157329e-06 -3.219569418377951782e-04 2.797032010322463122e-04 3.781518557719539838e-05 9.048980436295623198e-04 -1.477608696019521314e-05 3.308488707460257531e-03 1.739157053147916154e-04 -1.053775077132639319e-04 -1.364584717592234289e-04 -1.484110605820142985e-04 -7.503780166369029868e-05 1.236567440414012816e-04 4.098626774260811731e-05 -3.564621844028168451e-04 -1.671832740669303933e-04 2.681984391338732899e-04 3.818145843392437271e-04 -1.349569357863504950e-04 8.435115410295704504e-04 1.178927462008852234e-04 -3.196051650723705272e-04 -7.609912189671695431e-05 2.440302690604198737e-06 4.811311473512167708e-04 4.255351402817948042e-04 1.490775058429094527e-04 5.652997535029957938e-04 4.767634887692848812e-05 -1.752299620520817220e-05 -1.042191008364661648e-03 -5.639714761273444989e-05 -3.151124139794325089e-05 2.418443154197439098e-04 -1.089381304279232179e-03 5.619719786396116130e-05 1.332412968157573258e-03 -8.093775020927823215e-05 6.549479648027257917e-04
7.421098340105305134e-03 1.207498925185407660e-03 2.263112597339384403e-03 2.225299984480729170e-03 2.546924242535610408e-03 1.896210282902156732e-03 -1.783611602009400605e-04 3.133389813358091261e-03 1.739157053147916154e-04 1.083910455124343503e-02 5.627522052494319041e-03 5.939798244915400934e-03 1.765138686082720620e-02 1.452231519502098465e-03 1.050657780849354253e-02 2.357760577308929371e-03 1.936017506500309956e-03 1.072191209251959626e-02 7.193694824066387654e-03 4.474138290817435137e-03 2.826366527567856991e-04 5.615904855775269780e-03 6.469095998741463023e-03 7.428900483036553898e-03 2.802840226983048695e-03 3.393656224628466972e-03 1.397657922919117932e-03 -6.478478909506670902e-04 1.862921487784139707e-04 -3.092707522531182345e-05 4.967691776267644556e-03 6.326678990719133110e-03 3.433144572419427674e-04 -7.329700493638069414e-03 1.616708395271029787e-03 -4.593848896338756051e-05 2.973040608777098755e-03 -4.656117127248220839e-04 3.314355617264466269e-03 1.155138991339216877e-03 -1.440445998014801277e-02
6.785816602908594647e-03 3.762933012482614541e-04 2.118395071546737198e-03 2.170538184056615937e-03 2.152936912528215143e-03 1.686819996162913435e-03 -4.680746540294844515e-04 2.842153454889817694e-03 -1.053775077132639319e-04 5.627522052494319041e-03 9.296550570385513773e-03 5.046953169107261904e-03 1.488008430756030363e-02 7.652523645135203990e-04 8.822650578522555839e-03 1.025966887559268386e-03 2.466081025416650731e-03 8.978957450544592170e-03 5.649549511701125286e-03 3.627853227912121361e-03 -1.266052888931755882e-04 3.833571962991945328e-03 5.286437730529912338e-03 6.977231180920518555e-03 2.200500719085357430e-03 2.541586265125980390e-03 1.565461660563815215e-03 -1.363883104801837326e-03 -3.212902100682721394e-04 1.675137001664468142e-04 4.081513724341789828e-03 5.388541376001423737e-03 7.295745537401815070e-04 -6.362076338877377911e-03 1.228089094893134933e-03 -1.880969603561048168e-04 2.716538257618925003e-03 9.074001775945906645e-05 2.219795274586169008e-03 9.074054475703513490e-04 -1.237601559729328664e-02
7.269135853250467162e-03 2.773319363578529806e-04 2.764404657356372280e-03 2.034610430461858931e-03 2.900361962751456420e-03 9.525944059473679185e-04 5.789957966539384642e-04 2.511669862898401398e-03 -1.364584717592234289e-04 5.939798244915400934e-03 5.046953169107261904e-03 1.051172588547154285e-02 1.609114749535113520e-02 1.597705158664003422e-03 9.391544258688315494e-03 1.755609655963682233e-03 1.631316962509722374e-03 9.623987601500761171e-03 6.751598029788510348e-03 3.934232961670306068e-03 -3.533547378595564459e-05 8.476833620222366111e-03 6.003807161004327819e-03 7.505411986411780409e-03 3.187017714512707135e-03 4.472636511065688353e-03 1.772013743757139877e-03 -4.959622203785075088e-04 1.079176020039477289e-03 -3.850106218549848524e-04 3.923777490398106492e-03 5.317240727143167714e-03 -6.030141653597403560e-04 -7.212910249072226714e-03 1.436864947156673775e-03 2.196255552945133459e-04 2.569465882474547373e-03 -7.154049569656533098e-04 4.304578393301412148e-03 4.938573318960507883e-04 -1.110082334015548636e-02
2.182517363648145067e-02 4.410204443270127127e-04 6.777231536020076295e-03 6.355123711966083160e-03 8.187672276849015940e-03 6.517764606885260471e-03 8.933124574402954640e-03 1.513305844859109267e-02 -1.484110605820142985e-04 1.765138686082720620e-02 1.488008430756030363e-02 1.609114749535113520e-02 7.216609991660755119e-02 4.675522683868784182e-03 3.003959327374691041e-02 7.639131604776567760e-03 2.884027177941985310e-03 2.893285118526172511e-02 1.840271989151378781e-02 1.179035613232502430e-02 -2.895334825393933598e-03 5.581430542849637189e-02 1.715819107030939344e-02 2.241983051947834399e-02 8.471476790939813997e-03 1.097034209256528454e-02 4.739341757188086750e-03 2.217134887244385979e-03 2.631681550728486117e-03 3.223412302209428641e-04 1.408334673196563400e-02 1.673555621541806746e-02 -5.345987620560661846e-03 -2.117040469515299797e-02 3.725111590991658957e-03 2.023101171823342361e-04 1.082710434110985970e-02 -6.357540604082712521e-04 2.081070723839641493e-02 2.844558957071688897e-03 -9.144022388967104967e-03
1.095503626454920765e-03 -3.689789766088432776e-04 5.650112920531690040e-04 4.875547747563382955e-05 2.554587259393224005e-04 7.767864846733098542e-04 4.744037578998753233e-04 2.441913043187475714e-03 -7.503780166369029868e-05 1.452231519502098465e-03 7.652523645135203990e-04 1.597705158664003422e-03 4.675522683868784182e-03 8.711323413102760316e-03 1.714819271363149204e-03 1.050022340851472545e-03 -2.079140361174515363e-03 1.860067698082566549e-03 1.561182475887875048e-03 -1.978470524184382066e-03 4.994365633228497591e-04 1.145736219816599968e-02 1.463490259345153225e-03 5.680404145876587077e-04 1.296174720894781784e-03 1.251254852822380245e-03 -1.436881549046407610e-03 3.830208702943326687e-04 1.062426312647441135e-03 -3.109994646494962828e-05 9.484728811765739910e-04 1.121457449444831578e-03 -2.851716393940332953e-04 -1.325587007717358252e-03 2.018663545200908096e-04 -1.627335570521709401e-04 -3.421197543236936182e-04 -7.393248335154510478e-05 3.732850391032511723e-03 6.304128036315114966e-04 5.802593207965266522e-03
1.278138104056925940e-02 1.808475411817453437e-04 4.161839073752128179e-03 3.864490377448113936e-03 4.764069738309411987e-03 1.583267708860421931e-03 2.705370946164979066e-04 5.538607800846052746e-03 1.236567440414012816e-04 1.050657780849354253e-02 8.822650578522555839e-03 9.391544258688315494e-03 3.003959327374691041e-02 1.714819271363149204e-03 2.578031910793672152e-02 3.804200529180473515e-03 3.728825250848137249e-03 1.791420033343341794e-02 1.119628747699867415e-02 9.776508254541977500e-03 2.596346857863083440e-04 1.123597481121404312e-02 1.086035381593001073e-02 1.308759199901833939e-02 5.010693978702374443e-03 7.276778138443684707e-03 3.559475247680621117e-03 -2.629977595718956292e-03 -1.719412769970283411e-04 2.460219166147525392e-05 6.937307716269498770e-03 9.694549295581025156e-03 3.168385920132941319e-04 -1.128947875389575001e-02 2.360859446722561594e-03 -8.462446194179097973e-05 5.066594845988158652e-03 8.383943889475043137e-04 6.203153078865072771e-03 1.989162208494806971e-03 -2.251894759110236940e-02
4.072013872954175287e-03 5.271592029427661337e-04 1.101578013874638176e-03 7.288802757109968944e-04 1.582368120559230146e-03 -1.106850867138246342e-03 7.497292931887064712e-04 1.232820883866457161e-03 4.098626774260811731e-05 2.357760577308929371e-03 1.025966887559268386e-03 1.755609655963682233e-03 7.639131604776567760e-03 1.050022340851472545e-03 3.804200529180473515e-03 1.931927784973842127e-02 9.641592712399532639e-04 4.410136916700085896e-03 2.915529482230663858e-03 2.683765243869256235e-03 1.221871801338058217e-04 4.275921021350171866e-03 1.550826765302478231e-03 3.154866252239410009e-03 1.625762200407533881e-03 9.268565104432905993e-04 1.314483887742811958e-03 1.326152716444672832e-03 2.155374693667871225e-05 1.892447299204560605e-04 1.380784811146219338e-03 2.864541417878945818e-03 -9.944249646283106515e-04 -3.729377773406941654e-03 9.841126610793068420e-04 -2.356327119488175776e-04 1.419860480752622176e-03 -3.245214113001834624e-03 1.489342778342392327e-03 7.856012645837861163e-04 -4.963883421212316426e-03
2.355137880783794192e-03 1.051609932584901021e-03 1.464981883631376368e-03 7.717968965052747965e-04 1.897171135324448926e-03 -5.429124338077260647e-04 -1.501655975532679337e-03 -5.370640150460259145e-04 -3.564621844028168451e-04 1.936017506500309956e-03 2.466081025416650731e-03 1.631316962509722374e-03 2.884027177941985310e-03 -2.079140361174515363e-03 3.728825250848137249e-03 9.641592712399532639e-04 1.960956064923159367e-02 3.332438983978570999e-03 1.654509920401647230e-03 5.111564545817214207e-03 1.417978703861266874e-03 -1.450635225461771767e-02 2.804701587676340473e-03 3.747637469605108983e-03 5.965369631482810150e-04 1.096894636897538348e-03 2.760625906527683707e-03 8.659463713221047165e-04 -4.799943287509206096e-04 8.980698162161482008e-04 1.468537703575246251e-03 1.716494551105148328e-03 2.769711875879753062e-03 -2.453162650839651321e-03 4.828203192975614967e-04 -1.181500248253287760e-03 6.163384058092503731e-04 1.036180245802618808e-04 -3.803820859898394535e-03 -1.224900792104723730e-03 -1.679838260286285051e-02
1.397357322865450287e-02 7.834434658636603519e-04 4.016716801745677697e-03 3.999986618358613959e-03 4.197676177570002984e-03 3.039582623813368457e-03 1.306644122707503481e-03 5.432446555953420950e-03 -1.671832740669303933e-04 1.072191209251959626e-02 8.978957450544592170e-03 9.623987601500761171e-03 2.893285118526172511e-02 1.860067698082566549e-03 1.791420033343341794e-02 4.410136916700085896e-03 3.332438983978570999e-03 2.255815065472340647e-02 1.172933629643648119e-02 7.607387838257865208e-03 1.306121043226296931e-04 1.520490552932712326e-02 1.041892138910252216e-02 1.352000209495892065e-02 4.714678152693384770e-03 5.934655474188765996e-03 2.688589721327695834e-03 -5.907680283828189690e-04 5.242685749785080994e-04 -1.966958482727092160e-05 8.375732027552958495e-03 9.931134877591962090e-03 -2.041425878251516574e-04 -1.124803071747504900e-02 2.550635812761967852e-03 -1.225362737762724795e-04 5.899846506603603942e-03 -6.779008801859845879e-04 6.533967523820505968e-03 1.333519524330534743e-03 -1.997829557334477105e-02
8.563680269491098437e-03 3.416990108973800536e-04 2.908861864237686189e-03 2.778388177466819577e-03 2.850704726202489114e-03 1.866810164677510124e-03 -3.168736685838986528e-04 3.243065104748634082e-03 2.681984391338732899e-04 7.193694824066387654e-03 5.649549511701125286e-03 6.751598029788510348e-03 1.840271989151378781e-02 1.561182475887875048e-03 1.119628747699867415e-02 2.915529482230663858e-03 1.654509920401647230e-03 1.172933629643648119e-02 1.122207122089451982e-02 5.234596494647403113e-03 -3.325779108746332313e-04 8.714027341292123960e-03 6.436166369130569970e-03 8.131582809863596370e-03 3.074391666307681875e-03 4.186656760478947581e-03 1.580098191810199500e-03 -1.124901959977593277e-03 5.776657180031292754e-04 -9.356269697100835564e-05 5.335394008073201209e-03 5.970853382188254059e-03 7.204148719424821427e-04 -8.350005344486105194e-03 1.775809394994063437e-03 4.686258041652317666e-04 3.350087314577671494e-03 -7.106276703373747179e-04 4.603820478454545735e-03 1.173421266832370448e-03 -1.417552271916627631e-02
6.318541117297541039e-03 -2.869414856288205959e-03 1.892994934111564848e-03 1.178894560551822833e-03 2.443187611335417495e-03 4.613628008641284237e-04 1.062380255485708552e-02 -1.270907556154431909e-03 3.818145843392437271e-04 4.474138290817435137e-03 3.627853227912121361e-03 3.934232961670306068e-03 1.179035613232502430e-02 -1.978470524184382066e-03 9.776508254541977500e-03 2.683765243869256235e-03 5.111564545817214207e-03 7.607387838257865208e-03 5.234596494647403113e-03 2.784498296701740788e-02 1.916056355136418936e-03 5.888174620036751685e-04 5.327642576979953019e-03 6.686498364137163052e-03 1.915464141883157535e-03 4.052183354213253347e-03 7.920677659277852029e-03 4.755275443125788447e-03 2.329330900748972921e-03 1.254180009424112887e-03 3.516751724424812490e-03 5.487276527049233382e-03 -9.805526907551605220e-03 -7.977310894784874276e-03 8.697432273669499989e-04 -3.448991809163706084e-04 8.262624422863608809e-04 4.542099644513394440e-04 2.601354175230333014e-03 -5.749527241610797278e-04 -1.908027946718842890e-02
1.749342727347819319e-04 -7.216362608342647778e-04 -6.845375281745986031e-04 -7.431479460261197377e-05 -8.406456208575477720e-04 -4.235485587049518685e-04 -1.476086332676157607e-03 -5.039917841328467492e-03 -1.349569357863504950e-04 2.826366527567856991e-04 -1.266052888931755882e-04 -3.533547378595564459e-05 -2.895334825393933598e-03 4.994365633228497591e-04 2.596346857863083440e-04 1.221871801338058217e-04 1.417978703861266874e-03 1.306121043226296931e-04 -3.325779108746332313e-04 1.916056355136418936e-03 1.359086241618573561e-02 -1.947508816320244265e-02 -1.193589613428462865e-03 1.583970638650666993e-04 -4.976425277912306048e-04 -1.130466465339460651e-04 2.068779212233923769e-03 2.693450021955098232e-04 -4.304169145371716126e-04 -6.243057949713606521e-05 -1.566132074293487351e-04 -1.407494895792524541e-04 2.384339772579107427e-04 -7.058256579960867473e-04 -7.000681128249495306e-05 -4.192892201061441840e-05 -1.448839337840753796e-03 -4.313759448810446182e-04 -5.753471452766524379e-03 -6.503037767912086924e-04 -1.603087362988968312e-02
8.759509011253692815e-03 -1.306427890845753351e-02 3.042632841821624103e-03 1.629242214327376523e-03 7.073840373712289055e-03 6.733316752225515858e-03 6.996887285342050233e-02 4.561765317200398850e-02 8.435115410295704504e-04 5.615904855775269780e-03 3.833571962991945328e-03 8.476833620222366111e-03 5.581430542849637189e-02 1.145736219816599968e-02 1.123597481121404312e-02 4.275921021350171866e-03 -1.450635225461771767e-02 1.520490552932712326e-02 8.714027341292123960e-03 5.888174620036751685e-04 -1.947508816320244265e-02 2.639266006801397890e-01 9.486491419473512890e-03 1.371219413678283552e-02 8.558778613694320581e-03 4.990003614502352448e-03 7.129113334505763656e-03 3.400987360228294176e-02 2.404929239942349764e-02 6.801151900076117009e-03 5.715261006221723783e-03 7.631154079023249985e-03 -5.411386120879471684e-02 -1.036789355477948232e-02 1.330752437025867034e-03 -1.187417303521757714e-03 9.797907672177020438e-03 3.145284882816079715e-03 8.408766110946488959e-02 -1.339210921046291936e-03 1.594943136076455159e-01
7.453663840232665691e-03 2.269363834111926708e-04 2.490738126374821351e-03 2.410139662588292771e-03 3.062575713453086646e-03 6.278627577618858726e-04 8.332232819498606091e-04 3.256067503542492067e-03 1.178927462008852234e-04 6.469095998741463023e-03 5.286437730529912338e-03 6.003807161004327819e-03 1.715819107030939344e-02 1.463490259345153225e-03 1.086035381593001073e-02 1.550826765302478231e-03 2.804701587676340473e-03 1.041892138910252216e-02 6.436166369130569970e-03 5.327642576979953019e-03 -1.193589613428462865e-03 9.486491419473512890e-03 1.131085445707086939e-02 7.572793834535913871e-03 3.061395850597778585e-03 3.874064237438530189e-03 1.877542438787217988e-03 -9.174890984502935554e-04 5.479542119517536933e-04 -1.027564713006970674e-04 4.482371135801348216e-03 5.762851931804048242e-03 7.752704492302518431e-05 -6.996976354719916871e-03 1.278852331411905975e-03 -2.495402457134352479e-04 2.679725716537827325e-03 4.890028396795460461e-04 3.874649751114137442e-03 1.032443904673857821e-03 -1.156966873120284477e-02
1.005173501756396678e-02 -1.464386662273074796e-05 2.656877946052793593e-03 2.378030204486550683e-03 3.385278503451737576e-03 2.344707101512164254e-03 1.981415113030831048e-03 3.947015821491195280e-03 -3.196051650723705272e-04 7.428900483036553898e-03 6.977231180920518555e-03 7.505411986411780409e-03 2.241983051947834399e-02 5.680404145876587077e-04 1.308759199901833939e-02 3.154866252239410009e-03 3.747637469605108983e-03 1.352000209495892065e-02 8.131582809863596370e-03 6.686498364137163052e-03 1.583970638650666993e-04 1.371219413678283552e-02 7.572793834535913871e-03 1.755902401733033108e-02 3.241876822923750283e-03 3.840782408073038952e-03 1.972080111202028242e-03 -1.974228401884480519e-04 -3.560212239177783472e-04 3.482366811956443572e-05 5.304279290891874242e-03 7.710009086507583521e-03 -1.806277890431538845e-03 -1.001531892933481792e-02 2.007843390130000395e-03 -2.109305644258295488e-04 4.325788569126949243e-03 3.583481108937185025e-04 6.731552808357163346e-03 1.014790663573735029e-03 -1.253711171457142642e-02
3.658238497320677549e-03 2.372088019544085432e-04 1.237346831050651968e-03 1.107138811989001777e-03 1.611307196754775423e-03 1.153141066386243830e-03 1.216619031444844071e-03 2.695162056231987895e-03 -7.609912189671695431e-05 2.802840226983048695e-03 2.200500719085357430e-03 3.187017714512707135e-03 8.471476790939813997e-03 1.296174720894781784e-03 5.010693978702374443e-03 1.625762200407533881e-03 5.965369631482810150e-04 4.714678152693384770e-03 3.074391666307681875e-03 1.915464141883157535e-03 -4.976425277912306048e-04 8.558778613694320581e-03 3.061395850597778585e-03 3.241876822923750283e-03 4.733198158184175053e-03 1.885130168493470964e-03 4.405742660524165346e-04 -4.588190742096812731e-04 9.626320116923879925e-04 8.669408471235190005e-05 2.286021895014214277e-03 2.503716819287416569e-03 -1.426354775552122860e-03 -3.306565475195190080e-03 7.790181388144571360e-04 1.891238858961283721e-05 8.319407837939391285e-04 -3.377229055748960391e-04 2.980367449182637091e-03 4.338111520235245037e-04 -2.348733087631423369e-03
4.565428322424892188e-03 -8.940292181678109263e-05 1.196351895707625486e-03 1.250451851399914192e-03 1.269673835119524774e-03 1.562168997522092118e-03 2.404058493901786806e-03 3.037324497124210278e-04 2.440302690604198737e-06 3.393656224628466972e-03 2.541586265125980390e-03 4.472636511065688353e-03 1.097034209256528454e-02 1.251254852822380245e-03 7.276778138443684707e-03 9.268565104432905993e-04 1.096894636897538348e-03 5.934655474188765996e-03 4.186656760478947581e-03 4.052183354213253347e-03 -1.130466465339460651e-04 4.990003614502352448e-03 3.874064237438530189e-03 3.840782408073038952e-03 1.885130168493470964e-03 1.187287148471703746e-02 2.618364616001983124e-03 3.051570719588956216e-04 1.489262713377522947e-03 3.511135833770308301e-04 3.336970455716454023e-03 2.686038325773606409e-03 -2.314434452287085584e-03 -4.673433691648864324e-03 5.627313360343460906e-04 -1.067796354792299089e-04 1.585651840895720881e-03 -1.368600817122634728e-03 2.744394965951988362e-03 -5.212633255017022383e-05 -8.688839743763032350e-03
2.584280021303120723e-03 -5.336961393756406262e-03 1.324435512584187877e-03 3.605015308290328529e-04 1.254937671758649381e-03 1.040395227126117775e-03 2.220744197007500434e-02 -4.763933584499456357e-03 4.811311473512167708e-04 1.397657922919117932e-03 1.565461660563815215e-03 1.772013743757139877e-03 4.739341757188086750e-03 -1.436881549046407610e-03 3.559475247680621117e-03 1.314483887742811958e-03 2.760625906527683707e-03 2.688589721327695834e-03 1.580098191810199500e-03 7.920677659277852029e-03 2.068779212233923769e-03 7.129113334505763656e-03 1.877542438787217988e-03 1.972080111202028242e-03 4.405742660524165346e-04 2.618364616001983124e-03 2.729433541387163431e-02 1.259244795252323877e-02 6.650312142837677687e-03 2.683583979432033109e-03 2.564414066870919062e-03 1.997837537474344682e-03 -1.968518804768105979e-02 -1.408513272667230500e-03 2.804408955885660543e-04 -2.107681291007074912e-03 7.945934842957261485e-05 6.037980220415192258e-04 3.980334882859144600e-03 -4.263801914036742351e-03 -1.139874567347053114e-02
7.046726773859869749e-04 -6.482638445275554911e-03 2.573170771903594270e-04 -9.842867618474031039e-04 5.358829088069890450e-05 -4.396154729954987505e-04 2.853090204316539868e-02 -5.590850570076546372e-05 4.255351402817948042e-04 -6.478478909506670902e-04 -1.363883104801837326e-03 -4.959622203785075088e-04 2.217134887244385979e-03 3.830208702943326687e-04 -2.629977595718956292e-03 1.326152716444672832e-03 8.659463713221047165e-04 -5.907680283828189690e-04 -1.124901959977593277e-03 4.755275443125788447e-03 2.693450021955098232e-04 3.400987360228294176e-02 -9.174890984502935554e-04 -1.974228401884480519e-04 -4.588190742096812731e-04 3.051570719588956216e-04 1.259244795252323877e-02 3.300733351642130831e-02 1.025689319623121661e-02 2.910988638399005738e-03 5.324799014747404321e-04 1.541557579611986105e-04 -2.664780264995205566e-02 1.362845213601784379e-03 -2.218647040971922276e-04 -1.460069815913858432e-03 1.336936025076015315e-04 7.031589911742851771e-04 1.223177314420016010e-02 -3.756626067943041707e-03 1.740465033436426612e-02
1.034458897703339868e-03 -3.493226557040007754e-03 4.416404824751172923e-04 -2.176197986610625075e-05 3.080912848411665244e-04 8.228370880118493101e-04 1.780204408631016338e-02 3.554071944348737890e-03 1.490775058429094527e-04 1.862921487784139707e-04 -3.212902100682721394e-04 1.079176020039477289e-03 2.631681550728486117e-03 1.062426312647441135e-03 -1.719412769970283411e-04 2.155374693667871225e-05 -4.799943287509206096e-04 5.242685749785080994e-04 5.776657180031292754e-04 2.329330900748972921e-03 -4.304169145371716126e-04 2.404929239942349764e-02 5.479542119517536933e-04 -3.560212239177783472e-04 9.626320116923879925e-04 1.489262713377522947e-03 6.650312142837677687e-03 1.025689319623121661e-02 1.976476749063145466e-02 1.853341038000728752e-03 6.183446528296315543e-04 5.939508130612014720e-04 -1.487371194569682767e-02 -7.980571733336038918e-04 1.857257333729761181e-05 -7.980051088710549264e-04 5.397796184017870230e-04 1.225070741630941967e-03 8.946179070337855616e-03 -1.749167971161021433e-03 9.693047175136228211e-03
-5.401317804600052263e-05 -1.653223080014514868e-03 8.464012709018118230e-05 -1.153501970348389368e-04 -2.634435845403813002e-04 2.216549303419923847e-04 6.652234589931393591e-03 -3.493542579314771373e-04 5.652997535029957938e-04 -3.092707522531182345e-05 1.675137001664468142e-04 -3.850106218549848524e-04 3.223412302209428641e-04 -3.109994646494962828e-05 2.460219166147525392e-05 1.892447299204560605e-04 8.980698162161482008e-04 -1.966958482727092160e-05 -9.356269697100835564e-05 1.254180009424112887e-03 -6.243057949713606521e-05 6.801151900076117009e-03 -1.027564713006970674e-04 3.482366811956443572e-05 8.669408471235190005e-05 3.511135833770308301e-04 2.683583979432033109e-03 2.910988638399005738e-03 1.853341038000728752e-03 4.810172061402883358e-03 -1.253491278540956057e-04 -1.831675747262905690e-04 -5.083961836386996676e-03 -3.812888641546902145e-04 -7.905721965644818062e-05 -1.040066701485452489e-03 8.056195596782035617e-04 1.039768816577515075e-04 2.045128999407030881e-03 -2.118464703520049099e-03 2.749723299291492121e-03
5.553394137370984071e-03 5.195417032299667632e-04 2.034336347224899744e-03 1.926724699168036285e-03 1.991763773285928473e-03 2.193979238274454836e-03 3.032096487254327781e-04 2.359555989120953705e-03 4.767634887692848812e-05 4.967691776267644556e-03 4.081513724341789828e-03 3.923777490398106492e-03 1.408334673196563400e-02 9.484728811765739910e-04 6.937307716269498770e-03 1.380784811146219338e-03 1.468537703575246251e-03 8.375732027552958495e-03 5.335394008073201209e-03 3.516751724424812490e-03 -1.566132074293487351e-04 5.715261006221723783e-03 4.482371135801348216e-03 5.304279290891874242e-03 2.286021895014214277e-03 3.336970455716454023e-03 2.564414066870919062e-03 5.324799014747404321e-04 6.183446528296315543e-04 -1.253491278540956057e-04 1.153755018109351230e-02 4.966561792480748971e-03 2.790229695935039279e-04 -5.587554099184092148e-03 1.098817359548136469e-03 1.338293077275580034e-04 2.053181931378563960e-03 -4.564515733723321683e-04 3.040833226728710190e-03 4.113750604168719830e-04 -9.609212286448875692e-03
7.406197616306345148e-03 3.362178749983776643e-04 2.064980877151944942e-03 2.164011791523208061e-03 2.472026499041609249e-03 1.764822232658781222e-03 4.133339259397057091e-04 3.122272450270077021e-03 -1.752299620520817220e-05 6.326678990719133110e-03 5.388541376001423737e-03 5.317240727143167714e-03 1.673555621541806746e-02 1.121457449444831578e-03 9.694549295581025156e-03 2.864541417878945818e-03 1.716494551105148328e-03 9.931134877591962090e-03 5.970853382188254059e-03 5.487276527049233382e-03 -1.407494895792524541e-04 7.631154079023249985e-03 5.762851931804048242e-03 7.710009086507583521e-03 2.503716819287416569e-03 2.686038325773606409e-03 1.997837537474344682e-03 1.541557579611986105e-04 5.939508130612014720e-04 -1.831675747262905690e-04 4.966561792480748971e-03 9.499590811037256916e-03 9.642139823543544974e-05 -6.940073133110180592e-03 1.854710716524218730e-03 -7.297696200030435467e-05 2.912648887048133618e-03 5.972940440481257739e-04 3.563451717233623219e-03 8.403708492701299215e-04 -1.154239640522426204e-02
-7.471559085205324580e-04 1.022188556254874717e-02 -2.001446916005332716e-04 7.154345792946387693e-04 -1.205332978500112031e-03 -1.196060933514678844e-03 -4.546053813286177886e-02 -2.865248028239787063e-04 -1.042191008364661648e-03 3.433144572419427674e-04 7.295745537401815070e-04 -6.030141653597403560e-04 -5.345987620560661846e-03 -2.851716393940332953e-04 3.168385920132941319e-04 -9.944249646283106515e-04 2.769711875879753062e-03 -2.041425878251516574e-04 7.204148719424821427e-04 -9.805526907551605220e-03 2.384339772579107427e-04 -5.411386120879471684e-02 7.752704492302518431e-05 -1.806277890431538845e-03 -1.426354775552122860e-03 -2.314434452287085584e-03 -1.968518804768105979e-02 -2.664780264995205566e-02 -1.487371194569682767e-02 -5.083961836386996676e-03 2.790229695935039279e-04 9.642139823543544974e-05 5.749704464771836221e-02 -9.361114938013476269e-05 3.669554874658915718e-05 1.710695452972445989e-04 -8.425252989521424480e-04 -1.248860084459302256e-03 -2.120862297617881129e-02 3.874340405980867402e-03 -2.311640154641948774e-02
-9.812338375960429765e-03 1.170575029430516814e-04 -3.217448601545408026e-03 -3.077588189765859735e-03 -2.966774912366115097e-03 -1.774531743548538043e-03 -2.322376675282414316e-03 -4.059522688825204645e-03 -5.639714761273444989e-05 -7.329700493638069414e-03 -6.362076338877377911e-03 -7.212910249072226714e-03 -2.117040469515299797e-02 -1.325587007717358252e-03 -1.128947875389575001e-02 -3.729377773406941654e-03 -2.453162650839651321e-03 -1.124803071747504900e-02 -8.350005344486105194e-03 -7.977310894784874276e-03 -7.058256579960867473e-04 -1.036789355477948232e-02 -6.996976354719916871e-03 -1.001531892933481792e-02 -3.306565475195190080e-03 -4.673433691648864324e-03 -1.408513272667230500e-03 1.362845213601784379e-03 -7.980571733336038918e-04 -3.812888641546902145e-04 -5.587554099184092148e-03 -6.940073133110180592e-03 -9.361114938013476269e-05 2.540108891118384934e-02 -1.680124171246395390e-03 -1.476904709677846457e-04 -3.946153606619747477e-03 1.259135767984022282e-03 -4.023531869110047281e-03 -1.342096132666125135e-03 1.347826772138388009e-02
1.948488031897953419e-03 6.329553663071296624e-05 5.782980388154230827e-04 5.726588669485323637e-04 5.681533930165658585e-04 4.945412637792980263e-04 -6.201483226375309047e-06 7.023871443749632199e-04 -3.151124139794325089e-05 1.616708395271029787e-03 1.228089094893134933e-03 1.436864947156673775e-03 3.725111590991658957e-03 2.018663545200908096e-04 2.360859446722561594e-03 9.841126610793068420e-04 4.828203192975614967e-04 2.550635812761967852e-03 1.775809394994063437e-03 8.697432273669499989e-04 -7.000681128249495306e-05 1.330752437025867034e-03 1.278852331411905975e-03 2.007843390130000395e-03 7.790181388144571360e-04 5.627313360343460906e-04 2.804408955885660543e-04 -2.218647040971922276e-04 1.857257333729761181e-05 -7.905721965644818062e-05 1.098817359548136469e-03 1.854710716524218730e-03 3.669554874658915718e-05 -1.680124171246395390e-03 1.826830466636296868e-03 4.355535994206970608e-05 9.019727267054192732e-04 -4.413737488971502436e-04 7.007180989743073962e-04 2.655412654899673560e-04 -3.049125478420734638e-03
-2.348810925002270313e-04 2.075564530570961960e-03 -1.347907301778287115e-04 -2.350480123423988213e-05 -3.515142801623485436e-04 -3.732226018954710577e-05 -2.848325658314204006e-03 -3.019877446991676753e-06 2.418443154197439098e-04 -4.593848896338756051e-05 -1.880969603561048168e-04 2.196255552945133459e-04 2.023101171823342361e-04 -1.627335570521709401e-04 -8.462446194179097973e-05 -2.356327119488175776e-04 -1.181500248253287760e-03 -1.225362737762724795e-04 4.686258041652317666e-04 -3.448991809163706084e-04 -4.192892201061441840e-05 -1.187417303521757714e-03 -2.495402457134352479e-04 -2.109305644258295488e-04 1.891238858961283721e-05 -1.067796354792299089e-04 -2.107681291007074912e-03 -1.460069815913858432e-03 -7.980051088710549264e-04 -1.040066701485452489e-03 1.338293077275580034e-04 -7.297696200030435467e-05 1.710695452972445989e-04 -1.476904709677846457e-04 4.355535994206970608e-05 9.236318415915840269e-03 1.411092428120151439e-04 -5.208844075711932787e-06 -8.974070261442941088e-05 1.774790398338885362e-03 -2.652178249238071523e-04
3.975673238655014902e-03 -1.159917817854361384e-03 1.163310949157635599e-03 5.896648372144047343e-04 6.944274116164283984e-04 1.150782486403100456e-03 2.479483997001341068e-03 2.356632988313508720e-03 -1.089381304279232179e-03 2.973040608777098755e-03 2.716538257618925003e-03 2.569465882474547373e-03 1.082710434110985970e-02 -3.421197543236936182e-04 5.066594845988158652e-03 1.419860480752622176e-03 6.163384058092503731e-04 5.899846506603603942e-03 3.350087314577671494e-03 8.262624422863608809e-04 -1.448839337840753796e-03 9.797907672177020438e-03 2.679725716537827325e-03 4.325788569126949243e-03 8.319407837939391285e-04 1.585651840895720881e-03 7.945934842957261485e-05 1.336936025076015315e-04 5.397796184017870230e-04 8.056195596782035617e-04 2.053181931378563960e-03 2.912648887048133618e-03 -8.425252989521424480e-04 -3.946153606619747477e-03 9.019727267054192732e-04 1.411092428120151439e-04 1.503920348365194413e-02 -1.100894871229019613e-04 3.106229677285245096e-03 5.645635944538266804e-04 -1.470852809693647774e-03
-1.069633122508782290e-04 -2.900061132469405672e-04 -1.756037112504597929e-04 -4.351252600548208364e-05 -6.667172363303345813e-05 -4.254332009145368157e-04 1.413218334842113177e-03 -2.792402806713760498e-04 5.619719786396116130e-05 -4.656117127248220839e-04 9.074001775945906645e-05 -7.154049569656533098e-04 -6.357540604082712521e-04 -7.393248335154510478e-05 8.383943889475043137e-04 -3.245214113001834624e-03 1.036180245802618808e-04 -6.779008801859845879e-04 -7.106276703373747179e-04 4.542099644513394440e-04 -4.313759448810446182e-04 3.145284882816079715e-03 4.890028396795460461e-04 3.583481108937185025e-04 -3.377229055748960391e-04 -1.368600817122634728e-03 6.037980220415192258e-04 7.031589911742851771e-04 1.225070741630941967e-03 1.039768816577515075e-04 -4.564515733723321683e-04 5.972940440481257739e-04 -1.248860084459302256e-03 1.259135767984022282e-03 -4.413737488971502436e-04 -5.208844075711932787e-06 -1.100894871229019613e-04 8.175702771996947241e-03 1.039690038357780942e-03 -6.274921761520513080e-05 2.800500483958956281e-03
