1.693662578695301590e+02 1.667783592359909335e+02 1.612765275196914558e+02 1.635319405799958190e+02 1.607923654126266797e+02 1.723828002518697531e+02 1.586587113179738253e+02 1.563040477421497769e+02 1.656162826524123943e+02 1.692655312760748245e+02 1.641249298134553101e+02 1.701908674185856114e+02 1.620641795268458623e+02 1.629335823241653998e+02 1.724766399598502744e+02 1.662832101581437882e+02
1.667783592359909335e+02 1.671725753615144185e+02 1.601334589800934225e+02 1.633800442228752559e+02 1.584594783074032875e+02 1.709023531014011041e+02 1.585458129075092870e+02 1.551210508110416981e+02 1.635374094596197949e+02 1.680842461513277613e+02 1.642888977102824413e+02 1.697903855325618281e+02 1.614209006288020305e+02 1.628645398774444857e+02 1.706914411488808128e+02 1.663196685813158524e+02
1.612765275196914558e+02 1.601334589800934225e+02 1.566538105098393316e+02 1.575382099225910792e+02 1.539851853965062674e+02 1.651771923175598999e+02 1.535889823100119429e+02 1.510798308988991607e+02 1.592073110272906433e+02 1.618030561526684323e+02 1.587502020892443397e+02 1.649385155005327874e+02 1.552544438230396509e+02 1.561141849132252446e+02 1.652273396239818908e+02 1.612606053017018439e+02
1.635319405799958190e+02 1.633800442228752559e+02 1.575382099225910792e+02 1.630095907931091403e+02 1.565295347297194439e+02 1.678264691157791617e+02 1.557750214362114320e+02 1.520439645988165580e+02 1.616024305325094019e+02 1.658642883440768685e+02 1.606770312192211065e+02 1.651965353114131005e+02 1.588698501231569935e+02 1.606951905870065502e+02 1.687550860312949794e+02 1.611754772942178988e+02
1.607923654126266797e+02 1.584594783074032875e+02 1.539851853965062674e+02 1.565295347297194439e+02 1.561385617653859867e+02 1.652491839032734617e+02 1.536380199014959373e+02 1.518415949727379370e+02 1.593523268207015917e+02 1.629326955092160176e+02 1.624698950311380372e+02 1.676900311586338717e+02 1.564772656748649808e+02 1.579980554211490471e+02 1.709486604809394521e+02 1.656437421452100693e+02
1.723828002518697531e+02 1.709023531014011041e+02 1.651771923175598999e+02 1.678264691157791617e+02 1.652491839032734617e+02 1.809330300839746997e+02 1.659134403335374373e+02 1.635702303457781852e+02 1.701849475475057716e+02 1.763412233412135492e+02 1.760946871116708508e+02 1.830013698674188447e+02 1.676391835622071653e+02 1.721841117644592600e+02 1.884818213246468872e+02 1.812890758760798349e+02
1.586587113179738253e+02 1.585458129075092870e+02 1.535889823100119429e+02 1.557750214362114320e+02 1.536380199014959373e+02 1.659134403335374373e+02 1.579179874360264648e+02 1.578586470932673649e+02 1.570448206184011326e+02 1.616272266494736982e+02 1.687426582772433790e+02 1.781214798519029614e+02 1.558229288495610092e+02 1.585051975192307623e+02 1.736527500987677968e+02 1.768645893973923648e+02
1.563040477421497769e+02 1.551210508110416981e+02 1.510798308988991607e+02 1.520439645988165580e+02 1.518415949727379370e+02 1.635702303457781852e+02 1.578586470932673649e+02 1.704762613592149592e+02 1.540002567339715824e+02 1.580316474294901354e+02 1.734675258804234659e+02 1.955680316272840287e+02 1.519826853885460025e+02 1.555046993535594879e+02 1.752879339228620097e+02 1.924860070825756111e+02
1.656162826524123943e+02 1.635374094596197949e+02 1.592073110272906433e+02 1.616024305325094019e+02 1.593523268207015917e+02 1.701849475475057716e+02 1.570448206184011326e+02 1.540002567339715824e+02 1.656598050530164414e+02 1.688108360337783438e+02 1.641245789391676340e+02 1.687378697699506915e+02 1.611790264918126638e+02 1.629707772255635518e+02 1.744537051700591519e+02 1.665859219170710617e+02
1.692655312760748245e+02 1.680842461513277613e+02 1.618030561526684323e+02 1.658642883440768685e+02 1.629326955092160176e+02 1.763412233412135492e+02 1.616272266494736982e+02 1.580316474294901354e+02 1.688108360337783438e+02 1.753135946537377947e+02 1.705079778583388190e+02 1.743145042996274015e+02 1.659927438711996501e+02 1.702769825422028305e+02 1.845665287058535853e+02 1.726590681929822040e+02
1.641249298134553101e+02 1.642888977102824413e+02 1.587502020892443397e+02 1.606770312192211065e+02 1.624698950311380372e+02 1.760946871116708508e+02 1.687426582772433790e+02 1.734675258804234659e+02 1.641245789391676340e+02 1.705079778583388190e+02 1.934816185445773442e+02 2.075341977876680346e+02 1.647934709294946458e+02 1.703598732747195754e+02 1.994430525598285158e+02 2.097156618429321497e+02
1.701908674185856114e+02 1.697903855325618281e+02 1.649385155005327874e+02 1.651965353114131005e+02 1.676900311586338717e+02 1.830013698674188447e+02 1.781214798519029614e+02 1.955680316272840287e+02 1.687378697699506915e+02 1.743145042996274015e+02 2.075341977876680346e+02 2.395914588934758740e+02 1.693457796060199030e+02 1.750012938661070905e+02 2.062167863586420822e+02 2.388767569336280303e+02
1.620641795268458623e+02 1.614209006288020305e+02 1.552544438230396509e+02 1.588698501231569935e+02 1.564772656748649808e+02 1.676391835622071653e+02 1.558229288495610092e+02 1.519826853885460025e+02 1.611790264918126638e+02 1.659927438711996501e+02 1.647934709294946458e+02 1.693457796060199030e+02 1.598806614389295078e+02 1.615910174595458102e+02 1.732460718677509135e+02 1.682490035767649488e+02
1.629335823241653998e+02 1.628645398774444857e+02 1.561141849132252446e+02 1.606951905870065502e+02 1.579980554211490471e+02 1.721841117644592600e+02 1.585051975192307623e+02 1.555046993535594879e+02 1.629707772255635518e+02 1.702769825422028305e+02 1.703598732747195754e+02 1.750012938661070905e+02 1.615910174595458102e+02 1.675160277758582481e+02 1.843159283818355618e+02 1.747892131062896510e+02
1.724766399598502744e+02 1.706914411488808128e+02 1.652273396239818908e+02 1.687550860312949794e+02 1.709486604809394521e+02 1.884818213246468872e+02 1.736527500987677968e+02 1.752879339228620097e+02 1.744537051700591519e+02 1.845665287058535853e+02 1.994430525598285158e+02 2.062167863586420822e+02 1.732460718677509135e+02 1.843159283818355618e+02 2.240861967696721990e+02 2.095095678460861279e+02
1.662832101581437882e+02 1.663196685813158524e+02 1.612606053017018439e+02 1.611754772942178988e+02 1.656437421452100693e+02 1.812890758760798349e+02 1.768645893973923648e+02 1.924860070825756111e+02 1.665859219170710617e+02 1.726590681929822040e+02 2.097156618429321497e+02 2.388767569336280303e+02 1.682490035767649488e+02 1.747892131062896510e+02 2.095095678460861279e+02 2.421331331101997648e+02
