1.141669799999999896e+03 8.716706999999998970e+02 4.804012799999998720e+02 1.706790600000001064e+02 5.025099599999999782e+02 1.582072199999999782e+02 7.068020399999993515e+02 2.513481600000000356e+02 7.660465199999998731e+02 2.524983599999999626e+02 1.290578399999999874e+03 1.097477099999999837e+03
8.716706999999998970e+02 1.232952300000000150e+03 4.913729999999998768e+02 1.709562600000000145e+02 5.141464200000002620e+02 1.612261800000000278e+02 7.671412800000002790e+02 2.610520199999999136e+02 7.363593000000000757e+02 2.634584999999998445e+02 1.347707400000000007e+03 1.117073099999999840e+03
4.804012799999998720e+02 4.913729999999998768e+02 3.727101599999998598e+02 9.708811199999998109e+01 2.785748759999999606e+02 8.792128799999996147e+01 3.960101879999999142e+02 1.459087559999999257e+02 4.443746399999999426e+02 1.429553519999999764e+02 7.477361999999997124e+02 6.369569999999999936e+02
1.706790600000001064e+02 1.709562600000000145e+02 9.708811199999998109e+01 4.651646400000000625e+01 1.019540519999999901e+02 3.310542000000000229e+01 1.377412559999999644e+02 5.033170800000002743e+01 1.479776400000000081e+02 5.133367199999999997e+01 2.577407399999999598e+02 2.172020399999999540e+02
5.025099599999999782e+02 5.141464200000002620e+02 2.785748759999999606e+02 1.019540519999999901e+02 4.240777679999998782e+02 9.548949600000001681e+01 4.398262199999998643e+02 1.575720000000000312e+02 4.686369479999999612e+02 1.636837559999999883e+02 8.248064399999999523e+02 6.671233799999998837e+02
1.582072199999999782e+02 1.612261800000000278e+02 8.792128799999996147e+01 3.310542000000000229e+01 9.548949600000001681e+01 4.226608799999998922e+01 1.265618879999999820e+02 4.544939999999997582e+01 1.364485680000000229e+02 4.724703599999998715e+01 2.285218200000000479e+02 2.104548000000000059e+02
7.068020399999993515e+02 7.671412800000002790e+02 3.960101879999999142e+02 1.377412559999999644e+02 4.398262199999998643e+02 1.265618879999999820e+02 8.786425320000000738e+02 2.163464040000000068e+02 7.047255599999998594e+02 2.351398920000000032e+02 1.198612499999999955e+03 1.004869079999999713e+03
2.513481600000000356e+02 2.610520199999999136e+02 1.459087559999999257e+02 5.033170800000002743e+01 1.575720000000000312e+02 4.544939999999997582e+01 2.163464040000000068e+02 1.105989159999999885e+02 2.426475239999999474e+02 8.065229200000004539e+01 4.385398999999998182e+02 3.497082000000000903e+02
7.660465199999998731e+02 7.363593000000000757e+02 4.443746399999999426e+02 1.479776400000000081e+02 4.686369479999999612e+02 1.364485680000000229e+02 7.047255599999998594e+02 2.426475239999999474e+02 1.004748335999999881e+03 2.527369200000000262e+02 1.348855260000000044e+03 1.067159639999999627e+03
2.524983599999999626e+02 2.634584999999998445e+02 1.429553519999999764e+02 5.133367199999999997e+01 1.636837559999999883e+02 4.724703599999998715e+01 2.351398920000000032e+02 8.065229200000004539e+01 2.527369200000000262e+02 1.145800039999999314e+02 4.300352999999998360e+02 3.666573200000000270e+02
1.290578399999999874e+03 1.347707400000000007e+03 7.477361999999997124e+02 2.577407399999999598e+02 8.248064399999999523e+02 2.285218200000000479e+02 1.198612499999999955e+03 4.385398999999998182e+02 1.348855260000000044e+03 4.300352999999998360e+02 2.938053499999998166e+03 1.961313700000001063e+03
1.097477099999999837e+03 1.117073099999999840e+03 6.369569999999999936e+02 2.172020399999999540e+02 6.671233799999998837e+02 2.104548000000000059e+02 1.004869079999999713e+03 3.497082000000000903e+02 1.067159639999999627e+03 3.666573200000000270e+02 1.961313700000001063e+03 2.344826900000000023e+03
